55.944425, -3.188396, NNW, 55.944425, -3.188396, 0.0, 135.994328106284
55.94470216385976, -3.1885108050297095, NNE, 55.94470216385976, -3.1885108050297095, 0.0, 134.744328106284
55.944979327719516, -3.188396, NW, 55.944979327719516, -3.188396, 0.0, 133.494328106284
55.94519145975387, -3.188608132034356, SSE, 55.94519145975387, -3.188608132034356, 0.0, 132.244328106284
55.944914295894115, -3.1884933270046463, NNE, 55.944914295894115, -3.1884933270046463, 123.02062401083454, 187.80231348858757
55.94519145975387, -3.1883785219749368, NNW, 55.94519145975387, -3.1883785219749368, 123.02062401083454, 186.55231348858757
55.94546862361363, -3.1884933270046463, W, 55.94546862361363, -3.1884933270046463, 123.02062401083454, 185.30231348858757
55.94546862361363, -3.1887933270046465, WSW, 55.94546862361363, -3.1887933270046465, 123.02062401083454, 184.05231348858757
55.94535381858392, -3.1890704908644, SE, 55.94535381858392, -3.1890704908644, 123.02062401083454, 182.80231348858757
55.94514168654956, -3.188858358830044, N, 55.94514168654956, -3.188858358830044, 123.02062401083454, 181.55231348858757
55.945441686549565, -3.188858358830044, NNW, 55.945441686549565, -3.188858358830044, 123.02062401083454, 180.30231348858757
55.94571885040932, -3.1889731638597536, NE, 55.94571885040932, -3.1889731638597536, 123.02062401083454, 179.05231348858757
55.94593098244368, -3.188761031825398, SW, 55.94593098244368, -3.188761031825398, 123.02062401083454, 177.80231348858757
55.94571885040932, -3.1889731638597536, SE, 55.94571885040932, -3.1889731638597536, 123.02062401083454, 176.55231348858757
55.945506718374965, -3.188761031825398, ENE, 55.945506718374965, -3.188761031825398, 123.02062401083454, 175.30231348858757
55.945621523404675, -3.1884838679656444, SSW, 55.945621523404675, -3.1884838679656444, 123.02062401083454, 174.05231348858757
55.94534435954492, -3.188598672995354, SSW, 55.94534435954492, -3.188598672995354, 123.02062401083454, 172.80231348858757
55.94506719568516, -3.1887134780250634, ESE, 55.94506719568516, -3.1887134780250634, 15.762776387378295, 171.55231348858757
55.94495239065545, -3.18843631416531, ENE, 55.94495239065545, -3.18843631416531, 15.762776387378295, 170.30231348858757
55.94506719568516, -3.1881591503055566, ESE, 55.94506719568516, -3.1881591503055566, 15.762776387378295, 169.05231348858757
55.94495239065545, -3.1878819864458032, S, 55.94495239065545, -3.1878819864458032, 47.456854060717916, 168.32006084364113
55.94465239065545, -3.1878819864458032, S, 55.94465239065545, -3.1878819864458032, 47.456854060717916, 167.07006084364113
55.944352390655446, -3.1878819864458032, NW, 55.944352390655446, -3.1878819864458032, 47.456854060717916, 165.82006084364113
55.9445645226898, -3.188094118480159, S, 55.9445645226898, -3.188094118480159, 47.456854060717916, 164.57006084364113
55.9442645226898, -3.188094118480159, WSW, 55.9442645226898, -3.188094118480159, 47.456854060717916, 163.32006084364113
55.94414971766009, -3.1883712823399124, WNW, 55.94414971766009, -3.1883712823399124, 47.456854060717916, 162.07006084364113
55.9442645226898, -3.188648446199666, NE, 55.9442645226898, -3.188648446199666, 47.456854060717916, 160.82006084364113
55.944476654724156, -3.18843631416531, ENE, 55.944476654724156, -3.18843631416531, 47.456854060717916, 159.57006084364113
55.944591459753866, -3.1881591503055566, N, 55.944591459753866, -3.1881591503055566, 47.456854060717916, 158.32006084364113
55.94489145975387, -3.1881591503055566, ENE, 55.94489145975387, -3.1881591503055566, 47.456854060717916, 157.07006084364113
55.94500626478358, -3.1878819864458032, SE, 55.94500626478358, -3.1878819864458032, 47.456854060717916, 155.82006084364113
55.94479413274922, -3.1876698544114475, S, 55.94479413274922, -3.1876698544114475, 47.456854060717916, 154.57006084364113
55.94449413274922, -3.1876698544114475, SSE, 55.94449413274922, -3.1876698544114475, 89.7683732733717, 181.86113004832077
55.944216968889464, -3.187555049381738, NE, 55.944216968889464, -3.187555049381738, 89.7683732733717, 180.61113004832077
55.94442910092382, -3.187342917347382, E, 55.94442910092382, -3.187342917347382, 112.24191642269682, 279.9115355465102
55.94442910092382, -3.187042917347382, WNW, 55.94442910092382, -3.187042917347382, 112.24191642269682, 278.6615355465102
55.94454390595353, -3.1873200812071354, N, 55.94454390595353, -3.1873200812071354, 112.24191642269682, 277.4115355465102
55.94484390595353, -3.1873200812071354, E, 55.94484390595353, -3.1873200812071354, 112.24191642269682, 276.1615355465102
55.94484390595353, -3.187020081207135, E, 55.94484390595353, -3.187020081207135, 112.24191642269682, 274.9115355465102
55.94484390595353, -3.186720081207135, NNW, 55.94484390595353, -3.186720081207135, 112.24191642269682, 273.6615355465102
55.94512106981329, -3.1868348862368445, SSW, 55.94512106981329, -3.1868348862368445, 112.24191642269682, 272.4115355465102
55.94484390595353, -3.186949691266554, NNW, 55.94484390595353, -3.186949691266554, 71.07697476380093, 188.43052713238404
55.94512106981329, -3.1870644962962635, ENE, 55.94512106981329, -3.1870644962962635, 71.07697476380093, 187.18052713238404
55.945235874843, -3.18678733243651, N, 55.945235874843, -3.18678733243651, 71.07697476380093, 185.93052713238404
55.945535874843, -3.18678733243651, NE, 55.945535874843, -3.18678733243651, 85.06592839343942, 274.70916223584595
55.94574800687736, -3.1865752004021544, E, 55.94574800687736, -3.1865752004021544, 85.06592839343942, 273.45916223584595
55.94574800687736, -3.186275200402154, SSE, 55.94574800687736, -3.186275200402154, 85.06592839343942, 272.20916223584595
55.9454708430176, -3.1861603953724447, NE, 55.9454708430176, -3.1861603953724447, 85.06592839343942, 270.95916223584595
55.94568297505196, -3.185948263338089, N, 55.94568297505196, -3.185948263338089, 89.44439683191379, 298.06896796540326
55.94598297505196, -3.185948263338089, ENE, 55.94598297505196, -3.185948263338089, 89.44439683191379, 296.81896796540326
55.94609778008167, -3.1856710994783355, W, 55.94609778008167, -3.1856710994783355, 89.44439683191379, 295.56896796540326
55.94609778008167, -3.1859710994783357, ESE, 55.94609778008167, -3.1859710994783357, 89.44439683191379, 294.31896796540326
55.94598297505196, -3.1856939356185823, SSW, 55.94598297505196, -3.1856939356185823, 89.44439683191379, 293.06896796540326
55.945705811192205, -3.185808740648292, S, 55.945705811192205, -3.185808740648292, 89.44439683191379, 291.81896796540326
55.9454058111922, -3.185808740648292, WNW, 55.9454058111922, -3.185808740648292, 89.44439683191379, 290.56896796540326
55.94552061622191, -3.186085904508045, W, 55.94552061622191, -3.186085904508045, 89.44439683191379, 289.31896796540326
55.94552061622191, -3.1863859045080454, E, 55.94552061622191, -3.1863859045080454, 89.44439683191379, 288.06896796540326
55.94552061622191, -3.186085904508045, ENE, 55.94552061622191, -3.186085904508045, 89.44439683191379, 286.81896796540326
55.94563542125162, -3.185808740648292, NW, 55.94563542125162, -3.185808740648292, 89.44439683191379, 285.56896796540326
55.94584755328598, -3.1860208726826476, SSW, 55.94584755328598, -3.1860208726826476, 89.44439683191379, 284.31896796540326
55.94557038942622, -3.186135677712357, NE, 55.94557038942622, -3.186135677712357, 89.44439683191379, 283.06896796540326
55.94578252146058, -3.1859235456780013, E, 55.94578252146058, -3.1859235456780013, 89.44439683191379, 281.81896796540326
55.94578252146058, -3.185623545678001, SE, 55.94578252146058, -3.185623545678001, 89.44439683191379, 280.56896796540326
55.94557038942622, -3.1854114136436453, SE, 55.94557038942622, -3.1854114136436453, 89.44439683191379, 279.31896796540326
55.94535825739187, -3.1851992816092896, NNE, 55.94535825739187, -3.1851992816092896, 89.44439683191379, 278.06896796540326
55.94563542125162, -3.18508447657958, S, 55.94563542125162, -3.18508447657958, 89.44439683191379, 276.81896796540326
55.94533542125162, -3.18508447657958, NE, 55.94533542125162, -3.18508447657958, 89.44439683191379, 275.56896796540326
55.94554755328598, -3.1848723445452243, E, 55.94554755328598, -3.1848723445452243, 89.44439683191379, 274.31896796540326
55.94554755328598, -3.184572344545224, N, 55.94554755328598, -3.184572344545224, 89.44439683191379, 273.06896796540326
55.94584755328598, -3.184572344545224, NW, 55.94584755328598, -3.184572344545224, 105.9396255629113, 299.9508121682014
55.946059685320336, -3.18478447657958, SSW, 55.946059685320336, -3.18478447657958, 105.9396255629113, 298.7008121682014
55.94578252146058, -3.1848992816092894, ESE, 55.94578252146058, -3.1848992816092894, 105.9396255629113, 297.4508121682014
55.94566771643087, -3.184622117749536, WNW, 55.94566771643087, -3.184622117749536, 105.9396255629113, 296.2008121682014
55.94578252146058, -3.1848992816092894, E, 55.94578252146058, -3.1848992816092894, 105.9396255629113, 294.9508121682014
55.94578252146058, -3.184599281609289, WSW, 55.94578252146058, -3.184599281609289, 105.9396255629113, 293.7008121682014
55.94566771643087, -3.1848764454690426, NNE, 55.94566771643087, -3.1848764454690426, 105.9396255629113, 292.4508121682014
55.945944880290625, -3.184761640439333, WNW, 55.945944880290625, -3.184761640439333, 105.9396255629113, 291.2008121682014
55.946059685320336, -3.1850388042990865, SSE, 55.946059685320336, -3.1850388042990865, 105.9396255629113, 289.9508121682014
55.94578252146058, -3.184923999269377, SW, 55.94578252146058, -3.184923999269377, 105.9396255629113, 288.7008121682014
55.94557038942622, -3.1851361313037327, NNW, 55.94557038942622, -3.1851361313037327, 105.9396255629113, 287.4508121682014
55.94584755328598, -3.1852509363334423, NNW, 55.94584755328598, -3.1852509363334423, 105.9396255629113, 286.2008121682014
55.946124717145736, -3.1853657413631518, E, 55.946124717145736, -3.1853657413631518, 105.9396255629113, 284.9508121682014
55.946124717145736, -3.1850657413631516, ESE, 55.946124717145736, -3.1850657413631516, 105.9396255629113, 283.7008121682014
55.946009912116025, -3.184788577503398, SSW, 55.946009912116025, -3.184788577503398, 105.9396255629113, 282.4508121682014
55.94573274825627, -3.1849033825331077, S, 55.94573274825627, -3.1849033825331077, 105.9396255629113, 281.2008121682014
55.945432748256266, -3.1849033825331077, SSW, 55.945432748256266, -3.1849033825331077, 105.9396255629113, 279.9508121682014
55.94515558439651, -3.185018187562817, WSW, 55.94515558439651, -3.185018187562817, 105.9396255629113, 278.7008121682014
55.9450407793668, -3.1852953514225706, SE, 55.9450407793668, -3.1852953514225706, 105.9396255629113, 277.4508121682014
55.94482864733244, -3.185083219388215, ESE, 55.94482864733244, -3.185083219388215, 203.75952524001002, 288.82714568208536
55.94471384230273, -3.1848060555284614, E, 55.94471384230273, -3.1848060555284614, 203.75952524001002, 287.57714568208536
55.94471384230273, -3.184506055528461, SW, 55.94471384230273, -3.184506055528461, 203.75952524001002, 286.32714568208536
55.944501710268376, -3.184718187562817, SSE, 55.944501710268376, -3.184718187562817, 203.75952524001002, 285.07714568208536
55.94422454640862, -3.1846033825331075, SSW, 55.94422454640862, -3.1846033825331075, 203.75952524001002, 283.82714568208536
55.94394738254886, -3.184718187562817, SSE, 55.94394738254886, -3.184718187562817, 203.75952524001002, 282.57714568208536
55.94367021868911, -3.1846033825331075, SSE, 55.94367021868911, -3.1846033825331075, 203.75952524001002, 281.32714568208536
55.94339305482935, -3.184488577503398, NNE, 55.94339305482935, -3.184488577503398, 203.75952524001002, 280.07714568208536
55.94367021868911, -3.1843737724736885, SSW, 55.94367021868911, -3.1843737724736885, 203.75952524001002, 278.82714568208536
55.94339305482935, -3.184488577503398, NNW, 55.94339305482935, -3.184488577503398, 203.75952524001002, 277.57714568208536
55.94367021868911, -3.1846033825331075, NE, 55.94367021868911, -3.1846033825331075, 203.75952524001002, 276.32714568208536
55.94388235072346, -3.1843912504987517, NW, 55.94388235072346, -3.1843912504987517, 203.75952524001002, 275.07714568208536
55.94409448275782, -3.1846033825331075, SSW, 55.94409448275782, -3.1846033825331075, 203.75952524001002, 273.82714568208536
55.94381731889806, -3.184718187562817, SE, 55.94381731889806, -3.184718187562817, 203.75952524001002, 272.57714568208536
55.94360518686371, -3.184506055528461, WNW, 55.94360518686371, -3.184506055528461, 203.75952524001002, 271.32714568208536
55.94371999189342, -3.1847832193882146, WSW, 55.94371999189342, -3.1847832193882146, 203.75952524001002, 270.07714568208536
55.94360518686371, -3.185060383247968, E, 55.94360518686371, -3.185060383247968, 203.75952524001002, 268.82714568208536
55.94360518686371, -3.184760383247968, WSW, 55.94360518686371, -3.184760383247968, 276.2241257054217, 271.7063086482031
55.943490381833996, -3.1850375471077212, NNE, 55.943490381833996, -3.1850375471077212, 276.2241257054217, 270.4563086482031
55.94376754569375, -3.1849227420780117, NW, 55.94376754569375, -3.1849227420780117, 276.2241257054217, 269.2063086482031
55.94397967772811, -3.1851348741123675, SW, 55.94397967772811, -3.1851348741123675, 322.89670299002466, 279.1895264100194
55.94376754569375, -3.1853470061467233, E, 55.94376754569375, -3.1853470061467233, 322.89670299002466, 277.9395264100194
55.94376754569375, -3.185047006146723, SSW, 55.94376754569375, -3.185047006146723, 322.89670299002466, 276.6895264100194
55.943490381833996, -3.1851618111764326, SW, 55.943490381833996, -3.1851618111764326, 322.89670299002466, 275.4395264100194
55.94327824979964, -3.1853739432107884, SSE, 55.94327824979964, -3.1853739432107884, 322.89670299002466, 274.1895264100194
55.94300108593988, -3.185259138181079, SSW, 55.94300108593988, -3.185259138181079, 322.89670299002466, 272.9395264100194
55.94272392208013, -3.1853739432107884, NW, 55.94272392208013, -3.1853739432107884, 322.89670299002466, 271.6895264100194
55.94293605411448, -3.185586075245144, E, 55.94293605411448, -3.185586075245144, 322.89670299002466, 270.4395264100194
55.94293605411448, -3.185286075245144, ESE, 55.94293605411448, -3.185286075245144, 322.89670299002466, 269.1895264100194
55.94282124908477, -3.1850089113853906, WSW, 55.94282124908477, -3.1850089113853906, 322.89670299002466, 267.9395264100194
55.94270644405506, -3.185286075245144, N, 55.94270644405506, -3.185286075245144, 322.89670299002466, 266.6895264100194
55.943006444055065, -3.185286075245144, ENE, 55.943006444055065, -3.185286075245144, 322.89670299002466, 265.4395264100194
55.943121249084776, -3.1850089113853906, S, 55.943121249084776, -3.1850089113853906, 322.89670299002466, 264.1895264100194
55.94282124908477, -3.1850089113853906, NW, 55.94282124908477, -3.1850089113853906, 322.89670299002466, 262.9395264100194
55.94303338111913, -3.1852210434197463, WNW, 55.94303338111913, -3.1852210434197463, 322.89670299002466, 261.6895264100194
55.94314818614884, -3.1854982072794997, SSE, 55.94314818614884, -3.1854982072794997, 322.89670299002466, 260.4395264100194
55.94287102228908, -3.18538340224979, ENE, 55.94287102228908, -3.18538340224979, 322.89670299002466, 259.1895264100194
55.94298582731879, -3.185106238390037, W, 55.94298582731879, -3.185106238390037, 322.89670299002466, 257.9395264100194
55.94298582731879, -3.185406238390037, SSW, 55.94298582731879, -3.185406238390037, 322.89670299002466, 256.6895264100194
55.94270866345904, -3.1855210434197465, NE, 55.94270866345904, -3.1855210434197465, 322.89670299002466, 255.43952641001943
55.94292079549339, -3.1853089113853907, NW, 55.94292079549339, -3.1853089113853907, 322.89670299002466, 254.18952641001943
55.94313292752775, -3.1855210434197465, N, 55.94313292752775, -3.1855210434197465, 408.3161858781578, 344.8695237428417
55.94343292752775, -3.1855210434197465, S, 55.94343292752775, -3.1855210434197465, 408.3161858781578, 343.6195237428417
55.94313292752775, -3.1855210434197465, NW, 55.94313292752775, -3.1855210434197465, 408.3161858781578, 342.3695237428417
55.943345059562105, -3.1857331754541023, S, 55.943345059562105, -3.1857331754541023, 408.3161858781578, 341.1195237428417
55.9430450595621, -3.1857331754541023, SSE, 55.9430450595621, -3.1857331754541023, 408.3161858781578, 339.8695237428417
55.942767895702346, -3.1856183704243928, WNW, 55.942767895702346, -3.1856183704243928, 408.3161858781578, 338.6195237428417
55.942882700732056, -3.185895534284146, NNW, 55.942882700732056, -3.185895534284146, 408.3161858781578, 337.3695237428417
55.94315986459181, -3.1860103393138557, SSW, 55.94315986459181, -3.1860103393138557, 408.3161858781578, 336.1195237428417
55.942882700732056, -3.186125144343565, NNW, 55.942882700732056, -3.186125144343565, 320.84649654243765, 213.42853438595665
55.94315986459181, -3.1862399493732747, NE, 55.94315986459181, -3.1862399493732747, 320.84649654243765, 212.17853438595665
55.94337199662617, -3.186027817338919, SSE, 55.94337199662617, -3.186027817338919, 320.84649654243765, 210.92853438595665
55.94309483276641, -3.1859130123092094, E, 55.94309483276641, -3.1859130123092094, 320.84649654243765, 209.67853438595665
55.94309483276641, -3.1856130123092092, SSW, 55.94309483276641, -3.1856130123092092, 320.84649654243765, 208.42853438595665
55.942817668906656, -3.1857278173389187, NNW, 55.942817668906656, -3.1857278173389187, 320.84649654243765, 207.17853438595665
55.94309483276641, -3.1858426223686283, SE, 55.94309483276641, -3.1858426223686283, 320.84649654243765, 205.92853438595665
55.942882700732056, -3.1856304903342725, WSW, 55.942882700732056, -3.1856304903342725, 320.84649654243765, 204.67853438595665
55.942767895702346, -3.185907654194026, N, 55.942767895702346, -3.185907654194026, 320.84649654243765, 203.42853438595665
55.94306789570235, -3.185907654194026, NNE, 55.94306789570235, -3.185907654194026, 320.84649654243765, 202.17853438595665
55.943345059562105, -3.1857928491643164, WSW, 55.943345059562105, -3.1857928491643164, 320.84649654243765, 200.92853438595665
55.943230254532395, -3.18607001302407, NNW, 55.943230254532395, -3.18607001302407, 404.9525670064718, 211.5910519493426
55.94350741839215, -3.1861848180537793, WNW, 55.94350741839215, -3.1861848180537793, 404.9525670064718, 210.3410519493426
55.94362222342186, -3.1864619819135327, ESE, 55.94362222342186, -3.1864619819135327, 404.9525670064718, 209.0910519493426
55.94350741839215, -3.1861848180537793, S, 55.94350741839215, -3.1861848180537793, 404.9525670064718, 207.8410519493426
55.94320741839215, -3.1861848180537793, SSW, 55.94320741839215, -3.1861848180537793, 404.9525670064718, 206.5910519493426
55.94293025453239, -3.186299623083489, SSW, 55.94293025453239, -3.186299623083489, 404.9525670064718, 205.3410519493426
55.942653090672636, -3.1864144281131983, NW, 55.942653090672636, -3.1864144281131983, 404.9525670064718, 204.0910519493426
55.94286522270699, -3.186626560147554, NNW, 55.94286522270699, -3.186626560147554, 404.9525670064718, 202.8410519493426
55.94314238656675, -3.1867413651772636, WSW, 55.94314238656675, -3.1867413651772636, 404.9525670064718, 201.5910519493426
55.94302758153704, -3.187018529037017, NNE, 55.94302758153704, -3.187018529037017, 404.9525670064718, 200.3410519493426
55.943304745396794, -3.1869037240073075, S, 55.943304745396794, -3.1869037240073075, 404.9525670064718, 199.0910519493426
55.94300474539679, -3.1869037240073075, ESE, 55.94300474539679, -3.1869037240073075, 404.9525670064718, 197.8410519493426
55.94288994036708, -3.186626560147554, W, 55.94288994036708, -3.186626560147554, 404.9525670064718, 196.5910519493426
55.94288994036708, -3.1869265601475543, SE, 55.94288994036708, -3.1869265601475543, 404.9525670064718, 195.3410519493426
55.942677808332725, -3.1867144281131985, NW, 55.942677808332725, -3.1867144281131985, 404.9525670064718, 194.0910519493426
55.94288994036708, -3.1869265601475543, NNE, 55.94288994036708, -3.1869265601475543, 404.9525670064718, 192.8410519493426
55.94316710422684, -3.1868117551178448, SSE, 55.94316710422684, -3.1868117551178448, 404.9525670064718, 191.5910519493426
55.94288994036708, -3.1866969500881352, NW, 55.94288994036708, -3.1866969500881352, 404.9525670064718, 190.3410519493426
55.94310207240144, -3.186909082122491, SSW, 55.94310207240144, -3.186909082122491, 404.9525670064718, 189.0910519493426
55.94282490854168, -3.1870238871522005, WNW, 55.94282490854168, -3.1870238871522005, 404.9525670064718, 187.8410519493426
55.94293971357139, -3.187301051011954, SSE, 55.94293971357139, -3.187301051011954, 404.9525670064718, 186.5910519493426
55.942662549711635, -3.1871862459822444, E, 55.942662549711635, -3.1871862459822444, 404.9525670064718, 185.3410519493426
55.942662549711635, -3.1868862459822442, NNW, 55.942662549711635, -3.1868862459822442, 404.9525670064718, 184.0910519493426
55.94293971357139, -3.1870010510119537, NW, 55.94293971357139, -3.1870010510119537, 404.9525670064718, 182.8410519493426
55.94315184560575, -3.1872131830463095, NE, 55.94315184560575, -3.1872131830463095, 404.9525670064718, 181.5910519493426
55.943363977640104, -3.1870010510119537, N, 55.943363977640104, -3.1870010510119537, 404.9525670064718, 180.3410519493426
55.94366397764011, -3.1870010510119537, NW, 55.94366397764011, -3.1870010510119537, 404.9525670064718, 179.0910519493426
55.94387610967446, -3.1872131830463095, N, 55.94387610967446, -3.1872131830463095, 515.7008599392959, 296.48419419794357
55.944176109674466, -3.1872131830463095, WNW, 55.944176109674466, -3.1872131830463095, 515.7008599392959, 295.23419419794357
55.944290914704176, -3.187490346906063, SE, 55.944290914704176, -3.187490346906063, 515.7008599392959, 293.98419419794357
55.94407878266982, -3.187278214871707, WSW, 55.94407878266982, -3.187278214871707, 515.7008599392959, 292.73419419794357
55.94396397764011, -3.1875553787314606, SSE, 55.94396397764011, -3.1875553787314606, 610.1951862703374, 400.25365765295373
55.94368681378035, -3.187440573701751, WSW, 55.94368681378035, -3.187440573701751, 610.1951862703374, 399.00365765295373
55.94357200875064, -3.1877177375615044, WNW, 55.94357200875064, -3.1877177375615044, 610.1951862703374, 397.75365765295373
55.94368681378035, -3.187994901421258, WSW, 55.94368681378035, -3.187994901421258, 711.2908512468285, 453.1362615423194
55.94357200875064, -3.1882720652810113, NNW, 55.94357200875064, -3.1882720652810113, 711.2908512468285, 451.8862615423194
55.9438491726104, -3.1883868703107208, NW, 55.9438491726104, -3.1883868703107208, 711.2908512468285, 450.6362615423194
55.944061304644755, -3.1885990023450765, NW, 55.944061304644755, -3.1885990023450765, 711.2908512468285, 449.3862615423194
55.94427343667911, -3.1888111343794323, WSW, 55.94427343667911, -3.1888111343794323, 711.2908512468285, 448.1362615423194
55.9441586316494, -3.1890882982391857, SE, 55.9441586316494, -3.1890882982391857, 711.2908512468285, 446.8862615423194
55.943946499615045, -3.18887616620483, NW, 55.943946499615045, -3.18887616620483, 711.2908512468285, 445.6362615423194
55.9441586316494, -3.1890882982391857, SSE, 55.9441586316494, -3.1890882982391857, 711.2908512468285, 444.3862615423194
55.943881467789645, -3.188973493209476, W, 55.943881467789645, -3.188973493209476, 711.2908512468285, 443.1362615423194
55.943881467789645, -3.1892734932094764, SSW, 55.943881467789645, -3.1892734932094764, 834.3459808629049, 454.0914792128322
55.94360430392989, -3.189388298239186, N, 55.94360430392989, -3.189388298239186, 834.3459808629049, 452.8414792128322
55.94390430392989, -3.189388298239186, ESE, 55.94390430392989, -3.189388298239186, 834.3459808629049, 451.5914792128322
55.94378949890018, -3.1891111343794325, N, 55.94378949890018, -3.1891111343794325, 834.3459808629049, 450.3414792128322
55.94408949890018, -3.1891111343794325, WSW, 55.94408949890018, -3.1891111343794325, 834.3459808629049, 449.0914792128322
55.94397469387047, -3.189388298239186, SSW, 55.94397469387047, -3.189388298239186, 834.3459808629049, 447.8414792128322
55.943697530010716, -3.1895031032688954, S, 55.943697530010716, -3.1895031032688954, 834.3459808629049, 446.5914792128322
55.943397530010714, -3.1895031032688954, W, 55.943397530010714, -3.1895031032688954, 834.3459808629049, 445.3414792128322
55.943397530010714, -3.1898031032688956, E, 55.943397530010714, -3.1898031032688956, 834.3459808629049, 444.0914792128322
55.943397530010714, -3.1895031032688954, SSW, 55.943397530010714, -3.1895031032688954, 834.3459808629049, 442.8414792128322
55.94312036615096, -3.189617908298605, ENE, 55.94312036615096, -3.189617908298605, 869.7867503852518, 507.5389279025472
55.94323517118067, -3.1893407444388515, WSW, 55.94323517118067, -3.1893407444388515, 869.7867503852518, 506.2889279025472
55.94312036615096, -3.189617908298605, S, 55.94312036615096, -3.189617908298605, 869.7867503852518, 505.0389279025472
55.942820366150954, -3.189617908298605, ENE, 55.942820366150954, -3.189617908298605, 900.2173591212959, 526.0618714544578
55.942935171180665, -3.1893407444388515, SW, 55.942935171180665, -3.1893407444388515, 900.2173591212959, 524.8118714544578
55.94272303914631, -3.1895528764732073, ENE, 55.94272303914631, -3.1895528764732073, 900.2173591212959, 523.5618714544578
55.94283784417602, -3.189275712613454, NW, 55.94283784417602, -3.189275712613454, 900.2173591212959, 522.3118714544578
55.943049976210375, -3.1894878446478097, NNE, 55.943049976210375, -3.1894878446478097, 900.2173591212959, 521.0618714544578
55.94332714007013, -3.1893730396181, N, 55.94332714007013, -3.1893730396181, 900.2173591212959, 519.8118714544578
55.943627140070134, -3.1893730396181, NNW, 55.943627140070134, -3.1893730396181, 900.2173591212959, 518.5618714544578
55.94390430392989, -3.1894878446478097, SSE, 55.94390430392989, -3.1894878446478097, 900.2173591212959, 517.3118714544578
55.943627140070134, -3.1893730396181, W, 55.943627140070134, -3.1893730396181, 900.2173591212959, 516.0618714544578
55.943627140070134, -3.1896730396181003, SW, 55.943627140070134, -3.1896730396181003, 900.2173591212959, 514.8118714544578
55.94341500803578, -3.189885171652456, SE, 55.94341500803578, -3.189885171652456, 900.2173591212959, 513.5618714544578
55.94320287600142, -3.1896730396181003, SE, 55.94320287600142, -3.1896730396181003, 900.2173591212959, 512.3118714544578
55.942990743967066, -3.1894609075837446, NE, 55.942990743967066, -3.1894609075837446, 900.2173591212959, 511.0618714544578
55.94320287600142, -3.189248775549389, NW, 55.94320287600142, -3.189248775549389, 900.2173591212959, 509.8118714544578
55.94341500803578, -3.1894609075837446, SSW, 55.94341500803578, -3.1894609075837446, 900.2173591212959, 508.5618714544578
55.94313784417602, -3.189575712613454, N, 55.94313784417602, -3.189575712613454, 900.2173591212959, 507.3118714544578
55.943437844176024, -3.189575712613454, W, 55.943437844176024, -3.189575712613454, 900.2173591212959, 506.0618714544578
55.943437844176024, -3.1898757126134543, NW, 55.943437844176024, -3.1898757126134543, 924.3451130874453, 579.5247639287531
55.94364997621038, -3.19008784464781, WSW, 55.94364997621038, -3.19008784464781, 924.3451130874453, 578.2747639287531
55.94353517118067, -3.1903650085075634, NE, 55.94353517118067, -3.1903650085075634, 924.3451130874453, 577.0247639287531
55.94374730321503, -3.1901528764732077, SSE, 55.94374730321503, -3.1901528764732077, 924.3451130874453, 575.7747639287531
55.94347013935527, -3.190038071443498, E, 55.94347013935527, -3.190038071443498, 924.3451130874453, 574.5247639287531
55.94347013935527, -3.189738071443498, WSW, 55.94347013935527, -3.189738071443498, 924.3451130874453, 573.2747639287531
55.94335533432556, -3.1900152353032514, WSW, 55.94335533432556, -3.1900152353032514, 810.6480442809564, 511.35252472663274
55.94324052929585, -3.1902923991630048, SE, 55.94324052929585, -3.1902923991630048, 847.504018538264, 579.6229529964687
55.94302839726149, -3.190080267128649, WSW, 55.94302839726149, -3.190080267128649, 885.3135131864171, 666.0469046891603
55.94291359223178, -3.1903574309884024, SE, 55.94291359223178, -3.1903574309884024, 885.3135131864171, 664.7969046891603
55.942701460197426, -3.1901452989540466, E, 55.942701460197426, -3.1901452989540466, 885.3135131864171, 663.5469046891603
55.942701460197426, -3.1898452989540464, NNE, 55.942701460197426, -3.1898452989540464, 885.3135131864171, 662.2969046891603
55.94297862405718, -3.189730493924337, NE, 55.94297862405718, -3.189730493924337, 885.3135131864171, 661.0469046891603
55.94319075609154, -3.189518361889981, W, 55.94319075609154, -3.189518361889981, 885.3135131864171, 659.7969046891603
55.94319075609154, -3.1898183618899814, SSE, 55.94319075609154, -3.1898183618899814, 885.3135131864171, 658.5469046891603
55.94291359223178, -3.189703556860272, N, 55.94291359223178, -3.189703556860272, 885.3135131864171, 657.2969046891603
55.943213592231785, -3.189703556860272, NNW, 55.943213592231785, -3.189703556860272, 885.3135131864171, 656.0469046891603
55.94349075609154, -3.1898183618899814, NNE, 55.94349075609154, -3.1898183618899814, 885.3135131864171, 654.7969046891603
55.9437679199513, -3.189703556860272, SSE, 55.9437679199513, -3.189703556860272, 885.3135131864171, 653.5469046891603
55.94349075609154, -3.1895887518305623, ESE, 55.94349075609154, -3.1895887518305623, 885.3135131864171, 652.2969046891603
55.94337595106183, -3.189311587970809, WSW, 55.94337595106183, -3.189311587970809, 885.3135131864171, 651.0469046891603
55.94326114603212, -3.1895887518305623, WSW, 55.94326114603212, -3.1895887518305623, 885.3135131864171, 649.7969046891603
55.94314634100241, -3.1898659156903157, NW, 55.94314634100241, -3.1898659156903157, 885.3135131864171, 648.5469046891603
55.94335847303677, -3.1900780477246715, NNW, 55.94335847303677, -3.1900780477246715, 885.3135131864171, 647.2969046891603
55.94363563689652, -3.190192852754381, SW, 55.94363563689652, -3.190192852754381, 885.3135131864171, 646.0469046891603
55.94342350486217, -3.190404984788737, NE, 55.94342350486217, -3.190404984788737, 885.3135131864171, 644.7969046891603
55.94363563689652, -3.190192852754381, N, 55.94363563689652, -3.190192852754381, 885.3135131864171, 643.5469046891603
55.943935636896526, -3.190192852754381, WSW, 55.943935636896526, -3.190192852754381, 885.3135131864171, 642.2969046891603
55.943820831866816, -3.1904700166141344, ENE, 55.943820831866816, -3.1904700166141344, 885.3135131864171, 641.0469046891603