55.944425, -3.188396, N, 55.944425, -3.188396, 68.65530261674546, 332.6757758792565
55.944725000000005, -3.188396, NW, 55.944725000000005, -3.188396, 68.65530261674546, 331.4257758792565
55.94493713203436, -3.188608132034356, NW, 55.94493713203436, -3.188608132034356, 150.82163145528978, 373.11094020944665
55.94514926406872, -3.1888202640687116, SSE, 55.94514926406872, -3.1888202640687116, 150.82163145528978, 371.86094020944665
55.94487210020896, -3.188705459039002, SSE, 55.94487210020896, -3.188705459039002, 150.82163145528978, 370.61094020944665
55.944594936349205, -3.1885906540092925, SSE, 55.944594936349205, -3.1885906540092925, 150.82163145528978, 369.36094020944665
55.94431777248945, -3.188475848979583, SSE, 55.94431777248945, -3.188475848979583, 150.82163145528978, 368.11094020944665
55.94404060862969, -3.1883610439498735, SSE, 55.94404060862969, -3.1883610439498735, 38.26701568776592, 309.809959306735
55.943763444769935, -3.188246238920164, SE, 55.943763444769935, -3.188246238920164, 144.75754110713103, 343.5186987577293
55.94355131273558, -3.1880341068858082, E, 55.94355131273558, -3.1880341068858082, 222.4369605153932, 363.29950679832405
55.94355131273558, -3.187734106885808, ESE, 55.94355131273558, -3.187734106885808, 222.4369605153932, 362.04950679832405
55.94343650770587, -3.1874569430260546, E, 55.94343650770587, -3.1874569430260546, 279.2370639799282, 411.6758870289022
55.94343650770587, -3.1871569430260545, E, 55.94343650770587, -3.1871569430260545, 369.2620175476675, 493.04395943609853
55.94343650770587, -3.1868569430260543, NNE, 55.94343650770587, -3.1868569430260543, 466.3072529124681, 581.2560790965615
55.943713671565625, -3.1867421379963448, ENE, 55.943713671565625, -3.1867421379963448, 571.6644281079816, 587.468992844523
55.943828476595336, -3.1864649741365914, SSE, 55.943828476595336, -3.1864649741365914, 688.8996137668363, 700.3631257682202
55.94355131273558, -3.186350169106882, ENE, 55.94355131273558, -3.186350169106882, 688.8996137668363, 699.1131257682202
55.94366611776529, -3.1860730052471284, ENE, 55.94366611776529, -3.1860730052471284, 724.6186292696239, 752.158459494019
55.943780922795, -3.185795841387375, N, 55.943780922795, -3.185795841387375, 724.6186292696239, 750.908459494019
55.944080922795, -3.185795841387375, N, 55.944080922795, -3.185795841387375, 734.6827554405736, 832.1247774573734
55.944380922795006, -3.185795841387375, N, 55.944380922795006, -3.185795841387375, 734.6827554405736, 830.8747774573734
55.94468092279501, -3.185795841387375, NNE, 55.94468092279501, -3.185795841387375, 817.9841759473215, 950.7535105202313
55.944958086654765, -3.1856810363576655, N, 55.944958086654765, -3.1856810363576655, 817.9841759473215, 949.5035105202313
55.94525808665477, -3.1856810363576655, N, 55.94525808665477, -3.1856810363576655, 873.7712434813503, 1020.330982369274
55.94555808665477, -3.1856810363576655, NNW, 55.94555808665477, -3.1856810363576655, 873.7712434813503, 1019.080982369274
55.94583525051453, -3.185795841387375, NNW, 55.94583525051453, -3.185795841387375, 917.9055391799801, 1096.3454525803684
55.946112414374284, -3.1859106464170845, WSW, 55.946112414374284, -3.1859106464170845, 880.8436015705705, 1020.7552897738528
55.94599760934457, -3.186187810276838, W, 55.94599760934457, -3.186187810276838, 880.8436015705705, 1019.5052897738528
55.94599760934457, -3.186487810276838, WSW, 55.94599760934457, -3.186487810276838, 997.5042557189938, 1049.5667348665038
55.94588280431486, -3.1867649741365915, SSW, 55.94588280431486, -3.1867649741365915, 1052.7445242160843, 1112.7495782421847
55.945605640455106, -3.186879779166301, SSE, 55.945605640455106, -3.186879779166301, 1162.1619927996446, 1208.1172844579023
55.94532847659535, -3.1867649741365915, S, 55.94532847659535, -3.1867649741365915, 1162.1619927996446, 1206.8672844579023
55.94502847659535, -3.1867649741365915, SSW, 55.94502847659535, -3.1867649741365915, 1162.1619927996446, 1205.6172844579023
55.94475131273559, -3.186879779166301, S, 55.94475131273559, -3.186879779166301, 1281.1490106186745, 1241.0054445730311
55.94445131273559, -3.186879779166301, S, 55.94445131273559, -3.186879779166301, 1281.1490106186745, 1239.7554445730311
55.944151312735585, -3.186879779166301, S, 55.944151312735585, -3.186879779166301, 1281.1490106186745, 1238.5054445730311
55.94385131273558, -3.186879779166301, S, 55.94385131273558, -3.186879779166301, 1281.1490106186745, 1237.2554445730311
55.94355131273558, -3.186879779166301, S, 55.94355131273558, -3.186879779166301, 1281.1490106186745, 1236.0054445730311
55.943251312735576, -3.186879779166301, S, 55.943251312735576, -3.186879779166301, 1281.1490106186745, 1234.7554445730311
55.94295131273557, -3.186879779166301, S, 55.94295131273557, -3.186879779166301, 1305.2313238233814, 1352.2537584641575
55.94265131273557, -3.186879779166301, W, 55.94265131273557, -3.186879779166301, 1326.6237497572586, 1471.2110492380025
55.94265131273557, -3.1871797791663012, W, 55.94265131273557, -3.1871797791663012, 1326.6237497572586, 1469.9610492380025
55.94265131273557, -3.1874797791663014, W, 55.94265131273557, -3.1874797791663014, 1326.6237497572586, 1468.7110492380025
55.94265131273557, -3.1877797791663016, W, 55.94265131273557, -3.1877797791663016, 1326.6237497572586, 1467.4610492380025
55.94265131273557, -3.188079779166302, W, 55.94265131273557, -3.188079779166302, 1326.6237497572586, 1466.2110492380025
55.94265131273557, -3.188379779166302, WNW, 55.94265131273557, -3.188379779166302, 1326.6237497572586, 1464.9610492380025
55.94276611776528, -3.1886569430260554, W, 55.94276611776528, -3.1886569430260554, 1326.6237497572586, 1463.7110492380025
55.94276611776528, -3.1889569430260556, WNW, 55.94276611776528, -3.1889569430260556, 1334.0418532451429, 1584.4325189811025
55.94288092279499, -3.189234106885809, WNW, 55.94288092279499, -3.189234106885809, 1239.9183579011674, 1460.8839693190766
55.9429957278247, -3.1895112707455624, WNW, 55.9429957278247, -3.1895112707455624, 1239.9183579011674, 1459.6339693190766
55.94311053285441, -3.189788434605316, WNW, 55.94311053285441, -3.189788434605316, 1239.9183579011674, 1458.3839693190766
55.94322533788412, -3.190065598465069, WNW, 55.94322533788412, -3.190065598465069, 1278.297132083203, 1475.5257851992358
55.94334014291383, -3.1903427623248226, WNW, 55.94334014291383, -3.1903427623248226, 1278.297132083203, 1474.2757851992358
55.94345494794354, -3.190619926184576, WNW, 55.94345494794354, -3.190619926184576, 1278.297132083203, 1473.0257851992358
55.943569752973254, -3.1908970900443294, W, 55.943569752973254, -3.1908970900443294, 1278.297132083203, 1471.7757851992358
55.943569752973254, -3.1911970900443296, WNW, 55.943569752973254, -3.1911970900443296, 1278.297132083203, 1470.5257851992358
55.943684558002964, -3.191474253904083, W, 55.943684558002964, -3.191474253904083, 1278.297132083203, 1469.2757851992358
55.943684558002964, -3.191774253904083, WNW, 55.943684558002964, -3.191774253904083, 1328.8501747125997, 1554.9446185698023
55.943799363032674, -3.1920514177638366, W, 55.943799363032674, -3.1920514177638366, 1426.160898144264, 1674.201000194178
55.943799363032674, -3.192351417763837, NNE, 55.943799363032674, -3.192351417763837, 1426.160898144264, 1672.951000194178
55.94407652689243, -3.1922366127341273, NE, 55.94407652689243, -3.1922366127341273, 1426.160898144264, 1671.701000194178
55.94428865892679, -3.1920244806997715, NNE, 55.94428865892679, -3.1920244806997715, 1426.160898144264, 1670.451000194178
55.944565822786544, -3.191909675670062, NE, 55.944565822786544, -3.191909675670062, 1446.230745476793, 1753.3453468394682
55.9447779548209, -3.1916975436357062, NE, 55.9447779548209, -3.1916975436357062, 1446.230745476793, 1752.0953468394682
55.944990086855256, -3.1914854116013505, ENE, 55.944990086855256, -3.1914854116013505, 1501.093669642984, 1846.1605081138077
55.94510489188497, -3.191208247741597, E, 55.94510489188497, -3.191208247741597, 1501.093669642984, 1844.9105081138077
55.94510489188497, -3.190908247741597, E, 55.94510489188497, -3.190908247741597, 1570.3492176154132, 1905.3614495336174
55.94510489188497, -3.1906082477415967, E, 55.94510489188497, -3.1906082477415967, 1570.3492176154132, 1904.1114495336174
55.94510489188497, -3.1903082477415965, E, 55.94510489188497, -3.1903082477415965, 1511.217724148594, 1788.8553678225762
55.94510489188497, -3.1900082477415963, E, 55.94510489188497, -3.1900082477415963, 1440.9757322442968, 1750.6864004055903
55.94510489188497, -3.189708247741596, E, 55.94510489188497, -3.189708247741596, 1440.9757322442968, 1749.4364004055903
55.94510489188497, -3.189408247741596, E, 55.94510489188497, -3.189408247741596, 1440.9757322442968, 1748.1864004055903
55.94510489188497, -3.1891082477415957, E, 55.94510489188497, -3.1891082477415957, 1440.9757322442968, 1746.9364004055903
55.94510489188497, -3.1888082477415955, E, 55.94510489188497, -3.1888082477415955, 1402.4368283686226, 1731.1854036102266
55.94510489188497, -3.1885082477415954, E, 55.94510489188497, -3.1885082477415954, 1402.4368283686226, 1729.9354036102266
55.94510489188497, -3.188208247741595, E, 55.94510489188497, -3.188208247741595, 1402.4368283686226, 1728.6854036102266
55.94510489188497, -3.187908247741595, E, 55.94510489188497, -3.187908247741595, 1402.4368283686226, 1727.4354036102266
55.94510489188497, -3.187608247741595, E, 55.94510489188497, -3.187608247741595, 1402.4368283686226, 1726.1854036102266
55.94510489188497, -3.1873082477415946, E, 55.94510489188497, -3.1873082477415946, 1402.4368283686226, 1724.9354036102266
55.94510489188497, -3.1870082477415944, E, 55.94510489188497, -3.1870082477415944, 1402.4368283686226, 1723.6854036102266
55.94510489188497, -3.1867082477415942, E, 55.94510489188497, -3.1867082477415942, 1402.4368283686226, 1722.4354036102266
55.94510489188497, -3.186408247741594, ESE, 55.94510489188497, -3.186408247741594, 1402.4368283686226, 1721.1854036102266
55.944990086855256, -3.1861310838818406, E, 55.944990086855256, -3.1861310838818406, 1402.4368283686226, 1719.9354036102266
55.944990086855256, -3.1858310838818404, ESE, 55.944990086855256, -3.1858310838818404, 1402.4368283686226, 1718.6854036102266
55.944875281825546, -3.185553920022087, E, 55.944875281825546, -3.185553920022087, 1402.4368283686226, 1717.4354036102266
55.944875281825546, -3.185253920022087, ESE, 55.944875281825546, -3.185253920022087, 1440.558687740898, 1754.7028153185183
55.944760476795835, -3.1849767561623334, E, 55.944760476795835, -3.1849767561623334, 1465.5072996403096, 1798.0086924493157
55.944760476795835, -3.1846767561623333, null, 55.944760476795835, -3.1846767561623333, 1465.5072996403096, 1796.7586924493157
55.944760476795835, -3.1846767561623333, null, 55.944760476795835, -3.1846767561623333, 1465.5072996403096, 1795.5086924493157
55.944760476795835, -3.1846767561623333, null, 55.944760476795835, -3.1846767561623333, 1465.5072996403096, 1794.2586924493157
55.944760476795835, -3.1846767561623333, null, 55.944760476795835, -3.1846767561623333, 1465.5072996403096, 1793.0086924493157
55.944760476795835, -3.1846767561623333, null, 55.944760476795835, -3.1846767561623333, 1465.5072996403096, 1791.7586924493157
55.944760476795835, -3.1846767561623333, null, 55.944760476795835, -3.1846767561623333, 1465.5072996403096, 1790.5086924493157
55.944760476795835, -3.1846767561623333, null, 55.944760476795835, -3.1846767561623333, 1465.5072996403096, 1789.2586924493157
55.944760476795835, -3.1846767561623333, null, 55.944760476795835, -3.1846767561623333, 1465.5072996403096, 1788.0086924493157
55.944760476795835, -3.1846767561623333, null, 55.944760476795835, -3.1846767561623333, 1465.5072996403096, 1786.7586924493157
55.944760476795835, -3.1846767561623333, null, 55.944760476795835, -3.1846767561623333, 1465.5072996403096, 1785.5086924493157
55.944760476795835, -3.1846767561623333, null, 55.944760476795835, -3.1846767561623333, 1465.5072996403096, 1784.2586924493157
55.944760476795835, -3.1846767561623333, null, 55.944760476795835, -3.1846767561623333, 1465.5072996403096, 1783.0086924493157
55.944760476795835, -3.1846767561623333, null, 55.944760476795835, -3.1846767561623333, 1465.5072996403096, 1781.7586924493157
55.944760476795835, -3.1846767561623333, null, 55.944760476795835, -3.1846767561623333, 1465.5072996403096, 1780.5086924493157
55.944760476795835, -3.1846767561623333, null, 55.944760476795835, -3.1846767561623333, 1465.5072996403096, 1779.2586924493157
55.944760476795835, -3.1846767561623333, null, 55.944760476795835, -3.1846767561623333, 1465.5072996403096, 1778.0086924493157
55.944760476795835, -3.1846767561623333, null, 55.944760476795835, -3.1846767561623333, 1465.5072996403096, 1776.7586924493157
55.944760476795835, -3.1846767561623333, null, 55.944760476795835, -3.1846767561623333, 1465.5072996403096, 1775.5086924493157
55.944760476795835, -3.1846767561623333, null, 55.944760476795835, -3.1846767561623333, 1465.5072996403096, 1774.2586924493157
55.944760476795835, -3.1846767561623333, null, 55.944760476795835, -3.1846767561623333, 1465.5072996403096, 1773.0086924493157
55.944760476795835, -3.1846767561623333, null, 55.944760476795835, -3.1846767561623333, 1465.5072996403096, 1771.7586924493157
55.944760476795835, -3.1846767561623333, null, 55.944760476795835, -3.1846767561623333, 1465.5072996403096, 1770.5086924493157
55.944760476795835, -3.1846767561623333, null, 55.944760476795835, -3.1846767561623333, 1465.5072996403096, 1769.2586924493157
55.944760476795835, -3.1846767561623333, null, 55.944760476795835, -3.1846767561623333, 1465.5072996403096, 1768.0086924493157
55.944760476795835, -3.1846767561623333, null, 55.944760476795835, -3.1846767561623333, 1465.5072996403096, 1766.7586924493157
55.944760476795835, -3.1846767561623333, null, 55.944760476795835, -3.1846767561623333, 1465.5072996403096, 1765.5086924493157
55.944760476795835, -3.1846767561623333, null, 55.944760476795835, -3.1846767561623333, 1465.5072996403096, 1764.2586924493157
55.944760476795835, -3.1846767561623333, null, 55.944760476795835, -3.1846767561623333, 1465.5072996403096, 1763.0086924493157
55.944760476795835, -3.1846767561623333, null, 55.944760476795835, -3.1846767561623333, 1465.5072996403096, 1761.7586924493157
55.944760476795835, -3.1846767561623333, null, 55.944760476795835, -3.1846767561623333, 1465.5072996403096, 1760.5086924493157
55.944760476795835, -3.1846767561623333, null, 55.944760476795835, -3.1846767561623333, 1465.5072996403096, 1759.2586924493157
55.944760476795835, -3.1846767561623333, null, 55.944760476795835, -3.1846767561623333, 1465.5072996403096, 1758.0086924493157
55.944760476795835, -3.1846767561623333, null, 55.944760476795835, -3.1846767561623333, 1465.5072996403096, 1756.7586924493157
55.944760476795835, -3.1846767561623333, null, 55.944760476795835, -3.1846767561623333, 1465.5072996403096, 1755.5086924493157
55.944760476795835, -3.1846767561623333, null, 55.944760476795835, -3.1846767561623333, 1465.5072996403096, 1754.2586924493157
55.944760476795835, -3.1846767561623333, null, 55.944760476795835, -3.1846767561623333, 1465.5072996403096, 1753.0086924493157
55.944760476795835, -3.1846767561623333, null, 55.944760476795835, -3.1846767561623333, 1465.5072996403096, 1751.7586924493157
55.944760476795835, -3.1846767561623333, null, 55.944760476795835, -3.1846767561623333, 1465.5072996403096, 1750.5086924493157
55.944760476795835, -3.1846767561623333, null, 55.944760476795835, -3.1846767561623333, 1465.5072996403096, 1749.2586924493157
55.944760476795835, -3.1846767561623333, null, 55.944760476795835, -3.1846767561623333, 1465.5072996403096, 1748.0086924493157
55.944760476795835, -3.1846767561623333, null, 55.944760476795835, -3.1846767561623333, 1465.5072996403096, 1746.7586924493157
55.944760476795835, -3.1846767561623333, null, 55.944760476795835, -3.1846767561623333, 1465.5072996403096, 1745.5086924493157
55.944760476795835, -3.1846767561623333, null, 55.944760476795835, -3.1846767561623333, 1465.5072996403096, 1744.2586924493157
55.944760476795835, -3.1846767561623333, null, 55.944760476795835, -3.1846767561623333, 1465.5072996403096, 1743.0086924493157
55.944760476795835, -3.1846767561623333, null, 55.944760476795835, -3.1846767561623333, 1465.5072996403096, 1741.7586924493157
55.944760476795835, -3.1846767561623333, null, 55.944760476795835, -3.1846767561623333, 1465.5072996403096, 1740.5086924493157
55.944760476795835, -3.1846767561623333, null, 55.944760476795835, -3.1846767561623333, 1465.5072996403096, 1739.2586924493157
55.944760476795835, -3.1846767561623333, null, 55.944760476795835, -3.1846767561623333, 1465.5072996403096, 1738.0086924493157
55.944760476795835, -3.1846767561623333, null, 55.944760476795835, -3.1846767561623333, 1465.5072996403096, 1736.7586924493157
55.944760476795835, -3.1846767561623333, null, 55.944760476795835, -3.1846767561623333, 1465.5072996403096, 1735.5086924493157
55.944760476795835, -3.1846767561623333, null, 55.944760476795835, -3.1846767561623333, 1465.5072996403096, 1734.2586924493157
55.944760476795835, -3.1846767561623333, null, 55.944760476795835, -3.1846767561623333, 1465.5072996403096, 1733.0086924493157
55.944760476795835, -3.1846767561623333, null, 55.944760476795835, -3.1846767561623333, 1465.5072996403096, 1731.7586924493157
55.944760476795835, -3.1846767561623333, null, 55.944760476795835, -3.1846767561623333, 1465.5072996403096, 1730.5086924493157
55.944760476795835, -3.1846767561623333, null, 55.944760476795835, -3.1846767561623333, 1465.5072996403096, 1729.2586924493157
55.944760476795835, -3.1846767561623333, null, 55.944760476795835, -3.1846767561623333, 1465.5072996403096, 1728.0086924493157
55.944760476795835, -3.1846767561623333, null, 55.944760476795835, -3.1846767561623333, 1465.5072996403096, 1726.7586924493157
55.944760476795835, -3.1846767561623333, null, 55.944760476795835, -3.1846767561623333, 1465.5072996403096, 1725.5086924493157
55.944760476795835, -3.1846767561623333, null, 55.944760476795835, -3.1846767561623333, 1465.5072996403096, 1724.2586924493157
55.944760476795835, -3.1846767561623333, null, 55.944760476795835, -3.1846767561623333, 1465.5072996403096, 1723.0086924493157
55.944760476795835, -3.1846767561623333, null, 55.944760476795835, -3.1846767561623333, 1465.5072996403096, 1721.7586924493157
55.944760476795835, -3.1846767561623333, null, 55.944760476795835, -3.1846767561623333, 1465.5072996403096, 1720.5086924493157
55.944760476795835, -3.1846767561623333, null, 55.944760476795835, -3.1846767561623333, 1465.5072996403096, 1719.2586924493157
55.944760476795835, -3.1846767561623333, null, 55.944760476795835, -3.1846767561623333, 1465.5072996403096, 1718.0086924493157
55.944760476795835, -3.1846767561623333, null, 55.944760476795835, -3.1846767561623333, 1465.5072996403096, 1716.7586924493157
55.944760476795835, -3.1846767561623333, null, 55.944760476795835, -3.1846767561623333, 1465.5072996403096, 1715.5086924493157
55.944760476795835, -3.1846767561623333, null, 55.944760476795835, -3.1846767561623333, 1465.5072996403096, 1714.2586924493157
55.944760476795835, -3.1846767561623333, null, 55.944760476795835, -3.1846767561623333, 1465.5072996403096, 1713.0086924493157
55.944760476795835, -3.1846767561623333, null, 55.944760476795835, -3.1846767561623333, 1465.5072996403096, 1711.7586924493157
55.944760476795835, -3.1846767561623333, null, 55.944760476795835, -3.1846767561623333, 1465.5072996403096, 1710.5086924493157
55.944760476795835, -3.1846767561623333, null, 55.944760476795835, -3.1846767561623333, 1465.5072996403096, 1709.2586924493157
55.944760476795835, -3.1846767561623333, null, 55.944760476795835, -3.1846767561623333, 1465.5072996403096, 1708.0086924493157
55.944760476795835, -3.1846767561623333, null, 55.944760476795835, -3.1846767561623333, 1465.5072996403096, 1706.7586924493157
55.944760476795835, -3.1846767561623333, null, 55.944760476795835, -3.1846767561623333, 1465.5072996403096, 1705.5086924493157
55.944760476795835, -3.1846767561623333, null, 55.944760476795835, -3.1846767561623333, 1465.5072996403096, 1704.2586924493157
55.944760476795835, -3.1846767561623333, null, 55.944760476795835, -3.1846767561623333, 1465.5072996403096, 1703.0086924493157
55.944760476795835, -3.1846767561623333, null, 55.944760476795835, -3.1846767561623333, 1465.5072996403096, 1701.7586924493157
55.944760476795835, -3.1846767561623333, null, 55.944760476795835, -3.1846767561623333, 1465.5072996403096, 1700.5086924493157
55.944760476795835, -3.1846767561623333, null, 55.944760476795835, -3.1846767561623333, 1465.5072996403096, 1699.2586924493157
55.944760476795835, -3.1846767561623333, null, 55.944760476795835, -3.1846767561623333, 1465.5072996403096, 1698.0086924493157
55.944760476795835, -3.1846767561623333, null, 55.944760476795835, -3.1846767561623333, 1465.5072996403096, 1696.7586924493157
55.944760476795835, -3.1846767561623333, null, 55.944760476795835, -3.1846767561623333, 1465.5072996403096, 1695.5086924493157
55.944760476795835, -3.1846767561623333, null, 55.944760476795835, -3.1846767561623333, 1465.5072996403096, 1694.2586924493157
55.944760476795835, -3.1846767561623333, null, 55.944760476795835, -3.1846767561623333, 1465.5072996403096, 1693.0086924493157
55.944760476795835, -3.1846767561623333, null, 55.944760476795835, -3.1846767561623333, 1465.5072996403096, 1691.7586924493157
55.944760476795835, -3.1846767561623333, null, 55.944760476795835, -3.1846767561623333, 1465.5072996403096, 1690.5086924493157
55.944760476795835, -3.1846767561623333, null, 55.944760476795835, -3.1846767561623333, 1465.5072996403096, 1689.2586924493157
55.944760476795835, -3.1846767561623333, null, 55.944760476795835, -3.1846767561623333, 1465.5072996403096, 1688.0086924493157
55.944760476795835, -3.1846767561623333, null, 55.944760476795835, -3.1846767561623333, 1465.5072996403096, 1686.7586924493157
55.944760476795835, -3.1846767561623333, null, 55.944760476795835, -3.1846767561623333, 1465.5072996403096, 1685.5086924493157
55.944760476795835, -3.1846767561623333, null, 55.944760476795835, -3.1846767561623333, 1465.5072996403096, 1684.2586924493157
55.944760476795835, -3.1846767561623333, null, 55.944760476795835, -3.1846767561623333, 1465.5072996403096, 1683.0086924493157
55.944760476795835, -3.1846767561623333, null, 55.944760476795835, -3.1846767561623333, 1465.5072996403096, 1681.7586924493157
55.944760476795835, -3.1846767561623333, null, 55.944760476795835, -3.1846767561623333, 1465.5072996403096, 1680.5086924493157
55.944760476795835, -3.1846767561623333, null, 55.944760476795835, -3.1846767561623333, 1465.5072996403096, 1679.2586924493157
55.944760476795835, -3.1846767561623333, null, 55.944760476795835, -3.1846767561623333, 1465.5072996403096, 1678.0086924493157
55.944760476795835, -3.1846767561623333, null, 55.944760476795835, -3.1846767561623333, 1465.5072996403096, 1676.7586924493157
55.944760476795835, -3.1846767561623333, null, 55.944760476795835, -3.1846767561623333, 1465.5072996403096, 1675.5086924493157
55.944760476795835, -3.1846767561623333, null, 55.944760476795835, -3.1846767561623333, 1465.5072996403096, 1674.2586924493157
55.944760476795835, -3.1846767561623333, null, 55.944760476795835, -3.1846767561623333, 1465.5072996403096, 1673.0086924493157
55.944760476795835, -3.1846767561623333, null, 55.944760476795835, -3.1846767561623333, 1465.5072996403096, 1671.7586924493157
55.944760476795835, -3.1846767561623333, null, 55.944760476795835, -3.1846767561623333, 1465.5072996403096, 1670.5086924493157
55.944760476795835, -3.1846767561623333, null, 55.944760476795835, -3.1846767561623333, 1465.5072996403096, 1669.2586924493157
55.944760476795835, -3.1846767561623333, null, 55.944760476795835, -3.1846767561623333, 1465.5072996403096, 1668.0086924493157
55.944760476795835, -3.1846767561623333, null, 55.944760476795835, -3.1846767561623333, 1465.5072996403096, 1666.7586924493157
55.944760476795835, -3.1846767561623333, null, 55.944760476795835, -3.1846767561623333, 1465.5072996403096, 1665.5086924493157
55.944760476795835, -3.1846767561623333, null, 55.944760476795835, -3.1846767561623333, 1465.5072996403096, 1664.2586924493157
55.944760476795835, -3.1846767561623333, null, 55.944760476795835, -3.1846767561623333, 1465.5072996403096, 1663.0086924493157
55.944760476795835, -3.1846767561623333, null, 55.944760476795835, -3.1846767561623333, 1465.5072996403096, 1661.7586924493157
55.944760476795835, -3.1846767561623333, null, 55.944760476795835, -3.1846767561623333, 1465.5072996403096, 1660.5086924493157
55.944760476795835, -3.1846767561623333, null, 55.944760476795835, -3.1846767561623333, 1465.5072996403096, 1659.2586924493157
55.944760476795835, -3.1846767561623333, null, 55.944760476795835, -3.1846767561623333, 1465.5072996403096, 1658.0086924493157
55.944760476795835, -3.1846767561623333, null, 55.944760476795835, -3.1846767561623333, 1465.5072996403096, 1656.7586924493157
55.944760476795835, -3.1846767561623333, null, 55.944760476795835, -3.1846767561623333, 1465.5072996403096, 1655.5086924493157
55.944760476795835, -3.1846767561623333, null, 55.944760476795835, -3.1846767561623333, 1465.5072996403096, 1654.2586924493157
55.944760476795835, -3.1846767561623333, null, 55.944760476795835, -3.1846767561623333, 1465.5072996403096, 1653.0086924493157
55.944760476795835, -3.1846767561623333, null, 55.944760476795835, -3.1846767561623333, 1465.5072996403096, 1651.7586924493157
55.944760476795835, -3.1846767561623333, null, 55.944760476795835, -3.1846767561623333, 1465.5072996403096, 1650.5086924493157
55.944760476795835, -3.1846767561623333, null, 55.944760476795835, -3.1846767561623333, 1465.5072996403096, 1649.2586924493157
55.944760476795835, -3.1846767561623333, null, 55.944760476795835, -3.1846767561623333, 1465.5072996403096, 1648.0086924493157
55.944760476795835, -3.1846767561623333, null, 55.944760476795835, -3.1846767561623333, 1465.5072996403096, 1646.7586924493157
55.944760476795835, -3.1846767561623333, null, 55.944760476795835, -3.1846767561623333, 1465.5072996403096, 1645.5086924493157
55.944760476795835, -3.1846767561623333, null, 55.944760476795835, -3.1846767561623333, 1465.5072996403096, 1644.2586924493157
55.944760476795835, -3.1846767561623333, null, 55.944760476795835, -3.1846767561623333, 1465.5072996403096, 1643.0086924493157
55.944760476795835, -3.1846767561623333, null, 55.944760476795835, -3.1846767561623333, 1465.5072996403096, 1641.7586924493157
55.944760476795835, -3.1846767561623333, null, 55.944760476795835, -3.1846767561623333, 1465.5072996403096, 1640.5086924493157
55.944760476795835, -3.1846767561623333, null, 55.944760476795835, -3.1846767561623333, 1465.5072996403096, 1639.2586924493157
55.944760476795835, -3.1846767561623333, null, 55.944760476795835, -3.1846767561623333, 1465.5072996403096, 1638.0086924493157
55.944760476795835, -3.1846767561623333, null, 55.944760476795835, -3.1846767561623333, 1465.5072996403096, 1636.7586924493157
55.944760476795835, -3.1846767561623333, null, 55.944760476795835, -3.1846767561623333, 1465.5072996403096, 1635.5086924493157
55.944760476795835, -3.1846767561623333, null, 55.944760476795835, -3.1846767561623333, 1465.5072996403096, 1634.2586924493157
55.944760476795835, -3.1846767561623333, null, 55.944760476795835, -3.1846767561623333, 1465.5072996403096, 1633.0086924493157
55.944760476795835, -3.1846767561623333, null, 55.944760476795835, -3.1846767561623333, 1465.5072996403096, 1631.7586924493157
55.944760476795835, -3.1846767561623333, null, 55.944760476795835, -3.1846767561623333, 1465.5072996403096, 1630.5086924493157
55.944760476795835, -3.1846767561623333, null, 55.944760476795835, -3.1846767561623333, 1465.5072996403096, 1629.2586924493157
55.944760476795835, -3.1846767561623333, null, 55.944760476795835, -3.1846767561623333, 1465.5072996403096, 1628.0086924493157
55.944760476795835, -3.1846767561623333, null, 55.944760476795835, -3.1846767561623333, 1465.5072996403096, 1626.7586924493157
55.944760476795835, -3.1846767561623333, null, 55.944760476795835, -3.1846767561623333, 1465.5072996403096, 1625.5086924493157
55.944760476795835, -3.1846767561623333, null, 55.944760476795835, -3.1846767561623333, 1465.5072996403096, 1624.2586924493157
55.944760476795835, -3.1846767561623333, null, 55.944760476795835, -3.1846767561623333, 1465.5072996403096, 1623.0086924493157
55.944760476795835, -3.1846767561623333, null, 55.944760476795835, -3.1846767561623333, 1465.5072996403096, 1621.7586924493157
55.944760476795835, -3.1846767561623333, null, 55.944760476795835, -3.1846767561623333, 1465.5072996403096, 1620.5086924493157
55.944760476795835, -3.1846767561623333, null, 55.944760476795835, -3.1846767561623333, 1465.5072996403096, 1619.2586924493157
55.944760476795835, -3.1846767561623333, null, 55.944760476795835, -3.1846767561623333, 1465.5072996403096, 1618.0086924493157
55.944760476795835, -3.1846767561623333, null, 55.944760476795835, -3.1846767561623333, 1465.5072996403096, 1616.7586924493157
55.944760476795835, -3.1846767561623333, null, 55.944760476795835, -3.1846767561623333, 1465.5072996403096, 1615.5086924493157
55.944760476795835, -3.1846767561623333, null, 55.944760476795835, -3.1846767561623333, 1465.5072996403096, 1614.2586924493157
55.944760476795835, -3.1846767561623333, null, 55.944760476795835, -3.1846767561623333, 1465.5072996403096, 1613.0086924493157
55.944760476795835, -3.1846767561623333, null, 55.944760476795835, -3.1846767561623333, 1465.5072996403096, 1611.7586924493157
55.944760476795835, -3.1846767561623333, null, 55.944760476795835, -3.1846767561623333, 1465.5072996403096, 1610.5086924493157
55.944760476795835, -3.1846767561623333, null, 55.944760476795835, -3.1846767561623333, 1465.5072996403096, 1609.2586924493157
55.944760476795835, -3.1846767561623333, null, 55.944760476795835, -3.1846767561623333, 1465.5072996403096, 1608.0086924493157
55.944760476795835, -3.1846767561623333, null, 55.944760476795835, -3.1846767561623333, 1465.5072996403096, 1606.7586924493157
55.944760476795835, -3.1846767561623333, null, 55.944760476795835, -3.1846767561623333, 1465.5072996403096, 1605.5086924493157
55.944760476795835, -3.1846767561623333, null, 55.944760476795835, -3.1846767561623333, 1465.5072996403096, 1604.2586924493157
55.944760476795835, -3.1846767561623333, null, 55.944760476795835, -3.1846767561623333, 1465.5072996403096, 1603.0086924493157
55.944760476795835, -3.1846767561623333, null, 55.944760476795835, -3.1846767561623333, 1465.5072996403096, 1601.7586924493157
55.944760476795835, -3.1846767561623333, null, 55.944760476795835, -3.1846767561623333, 1465.5072996403096, 1600.5086924493157
55.944760476795835, -3.1846767561623333, null, 55.944760476795835, -3.1846767561623333, 1465.5072996403096, 1599.2586924493157
55.944760476795835, -3.1846767561623333, null, 55.944760476795835, -3.1846767561623333, 1465.5072996403096, 1598.0086924493157
55.944760476795835, -3.1846767561623333, null, 55.944760476795835, -3.1846767561623333, 1465.5072996403096, 1596.7586924493157
55.944760476795835, -3.1846767561623333, null, 55.944760476795835, -3.1846767561623333, 1465.5072996403096, 1595.5086924493157
55.944760476795835, -3.1846767561623333, null, 55.944760476795835, -3.1846767561623333, 1465.5072996403096, 1594.2586924493157