55.944425, -3.188396, NNW, 55.944425, -3.188396, 0.0, 248.75
55.94470216385976, -3.1885108050297095, SE, 55.94470216385976, -3.1885108050297095, 0.0, 247.5
55.9444900318254, -3.1882986729953537, ESE, 55.9444900318254, -3.1882986729953537, 0.0, 246.25
55.94437522679569, -3.1880215091356003, SSE, 55.94437522679569, -3.1880215091356003, 0.0, 245.0
55.944098062935936, -3.187906704105891, SW, 55.944098062935936, -3.187906704105891, 0.0, 243.75
55.94388593090158, -3.1881188361402466, E, 55.94388593090158, -3.1881188361402466, 0.0, 242.5
55.94388593090158, -3.1878188361402464, W, 55.94388593090158, -3.1878188361402464, 0.0, 241.25
55.94388593090158, -3.1881188361402466, WSW, 55.94388593090158, -3.1881188361402466, 0.0, 240.0
55.94377112587187, -3.188396, SE, 55.94377112587187, -3.188396, 18.13993319640897, 253.3255695070955
55.94355899383751, -3.1881838679656442, N, 55.94355899383751, -3.1881838679656442, 18.13993319640897, 252.0755695070955
55.943858993837516, -3.1881838679656442, NNW, 55.943858993837516, -3.1881838679656442, 18.13993319640897, 250.8255695070955
55.94413615769727, -3.1882986729953537, NE, 55.94413615769727, -3.1882986729953537, 18.13993319640897, 249.5755695070955
55.94434828973163, -3.188086540960998, SW, 55.94434828973163, -3.188086540960998, 18.13993319640897, 248.3255695070955
55.94413615769727, -3.1882986729953537, SE, 55.94413615769727, -3.1882986729953537, 18.13993319640897, 247.0755695070955
55.943924025662916, -3.188086540960998, ENE, 55.943924025662916, -3.188086540960998, 18.13993319640897, 245.8255695070955
55.94403883069263, -3.1878093771012446, SSW, 55.94403883069263, -3.1878093771012446, 18.13993319640897, 244.5755695070955
55.94376166683287, -3.187924182130954, SSW, 55.94376166683287, -3.187924182130954, 18.13993319640897, 243.3255695070955
55.943484502973114, -3.1880389871606636, S, 55.943484502973114, -3.1880389871606636, 18.13993319640897, 242.0755695070955
55.94318450297311, -3.1880389871606636, NE, 55.94318450297311, -3.1880389871606636, 18.13993319640897, 240.8255695070955
55.94339663500747, -3.187826855126308, ENE, 55.94339663500747, -3.187826855126308, 18.13993319640897, 239.5755695070955
55.94351144003718, -3.1875496912665544, S, 55.94351144003718, -3.1875496912665544, 18.13993319640897, 238.3255695070955
55.943211440037174, -3.1875496912665544, NW, 55.943211440037174, -3.1875496912665544, 18.13993319640897, 237.0755695070955
55.94342357207153, -3.18776182330091, SW, 55.94342357207153, -3.18776182330091, 18.13993319640897, 235.8255695070955
55.943211440037174, -3.187973955335266, SSW, 55.943211440037174, -3.187973955335266, 22.23148375805496, 246.55899616652096
55.94293427617742, -3.1880887603649755, N, 55.94293427617742, -3.1880887603649755, 22.23148375805496, 245.30899616652096
55.94323427617742, -3.1880887603649755, SE, 55.94323427617742, -3.1880887603649755, 22.23148375805496, 244.05899616652096
55.943022144143065, -3.1878766283306197, ENE, 55.943022144143065, -3.1878766283306197, 22.23148375805496, 242.80899616652096
55.943136949172775, -3.1875994644708663, W, 55.943136949172775, -3.1875994644708663, 22.23148375805496, 241.55899616652096
55.943136949172775, -3.1878994644708665, ENE, 55.943136949172775, -3.1878994644708665, 22.23148375805496, 240.30899616652096
55.943251754202485, -3.187622300611113, SE, 55.943251754202485, -3.187622300611113, 114.53961526678509, 333.13208060552904
55.94303962216813, -3.1874101685767573, WNW, 55.94303962216813, -3.1874101685767573, 114.53961526678509, 331.88208060552904
55.94315442719784, -3.1876873324365107, NE, 55.94315442719784, -3.1876873324365107, 114.53961526678509, 330.63208060552904
55.943366559232196, -3.187475200402155, SSW, 55.943366559232196, -3.187475200402155, 114.53961526678509, 329.38208060552904
55.94308939537244, -3.1875900054318644, S, 55.94308939537244, -3.1875900054318644, 114.53961526678509, 328.13208060552904
55.942789395372436, -3.1875900054318644, NNW, 55.942789395372436, -3.1875900054318644, 114.53961526678509, 326.88208060552904
55.94306655923219, -3.187704810461574, E, 55.94306655923219, -3.187704810461574, 114.53961526678509, 325.63208060552904
55.94306655923219, -3.1874048104615738, NNW, 55.94306655923219, -3.1874048104615738, 114.53961526678509, 324.38208060552904
55.94334372309195, -3.1875196154912833, SSE, 55.94334372309195, -3.1875196154912833, 114.53961526678509, 323.13208060552904
55.94306655923219, -3.1874048104615738, NW, 55.94306655923219, -3.1874048104615738, 114.53961526678509, 321.88208060552904
55.94327869126655, -3.1876169424959295, ESE, 55.94327869126655, -3.1876169424959295, 114.53961526678509, 320.63208060552904
55.94316388623684, -3.187339778636176, W, 55.94316388623684, -3.187339778636176, 114.53961526678509, 319.38208060552904
55.94316388623684, -3.1876397786361763, N, 55.94316388623684, -3.1876397786361763, 114.53961526678509, 318.13208060552904
55.94346388623684, -3.1876397786361763, W, 55.94346388623684, -3.1876397786361763, 114.53961526678509, 316.88208060552904
55.94346388623684, -3.1879397786361765, SE, 55.94346388623684, -3.1879397786361765, 114.53961526678509, 315.63208060552904
55.943251754202485, -3.1877276466018207, NE, 55.943251754202485, -3.1877276466018207, 114.53961526678509, 314.38208060552904
55.94346388623684, -3.187515514567465, N, 55.94346388623684, -3.187515514567465, 114.53961526678509, 313.13208060552904
55.943763886236844, -3.187515514567465, S, 55.943763886236844, -3.187515514567465, 114.53961526678509, 311.88208060552904
55.94346388623684, -3.187515514567465, NNW, 55.94346388623684, -3.187515514567465, 114.53961526678509, 310.63208060552904
55.9437410500966, -3.1876303195971745, SE, 55.9437410500966, -3.1876303195971745, 114.53961526678509, 309.38208060552904
55.94352891806224, -3.1874181875628187, N, 55.94352891806224, -3.1874181875628187, 114.53961526678509, 308.13208060552904
55.943828918062245, -3.1874181875628187, S, 55.943828918062245, -3.1874181875628187, 114.53961526678509, 306.88208060552904
55.94352891806224, -3.1874181875628187, WNW, 55.94352891806224, -3.1874181875628187, 114.53961526678509, 305.63208060552904
55.94364372309195, -3.187695351422572, W, 55.94364372309195, -3.187695351422572, 114.53961526678509, 304.38208060552904
55.94364372309195, -3.1879953514225723, ENE, 55.94364372309195, -3.1879953514225723, 114.53961526678509, 303.13208060552904
55.94375852812166, -3.187718187562819, ENE, 55.94375852812166, -3.187718187562819, 114.53961526678509, 301.88208060552904
55.94387333315137, -3.1874410237030655, NW, 55.94387333315137, -3.1874410237030655, 114.53961526678509, 300.63208060552904
55.94408546518573, -3.1876531557374213, E, 55.94408546518573, -3.1876531557374213, 114.53961526678509, 299.38208060552904
55.94408546518573, -3.187353155737421, NE, 55.94408546518573, -3.187353155737421, 114.53961526678509, 298.13208060552904
55.944297597220086, -3.1871410237030653, E, 55.944297597220086, -3.1871410237030653, 150.28405898750793, 305.8520123572198
55.944297597220086, -3.186841023703065, NW, 55.944297597220086, -3.186841023703065, 150.28405898750793, 304.6020123572198
55.94450972925444, -3.187053155737421, SE, 55.94450972925444, -3.187053155737421, 150.28405898750793, 303.3520123572198
55.944297597220086, -3.186841023703065, SSE, 55.944297597220086, -3.186841023703065, 150.28405898750793, 302.1020123572198
55.94402043336033, -3.1867262186733556, S, 55.94402043336033, -3.1867262186733556, 150.28405898750793, 300.8520123572198
55.943720433360326, -3.1867262186733556, NE, 55.943720433360326, -3.1867262186733556, 150.28405898750793, 299.6020123572198
55.94393256539468, -3.186514086639, E, 55.94393256539468, -3.186514086639, 150.28405898750793, 298.3520123572198
55.94393256539468, -3.1862140866389996, W, 55.94393256539468, -3.1862140866389996, 150.28405898750793, 297.1020123572198
55.94393256539468, -3.186514086639, E, 55.94393256539468, -3.186514086639, 150.28405898750793, 295.8520123572198
55.94393256539468, -3.1862140866389996, ESE, 55.94393256539468, -3.1862140866389996, 117.31023372529637, 193.0482783618025
55.94381776036497, -3.1859369227792462, WNW, 55.94381776036497, -3.1859369227792462, 117.31023372529637, 191.7982783618025
55.94393256539468, -3.1862140866389996, E, 55.94393256539468, -3.1862140866389996, 119.48743702734212, 244.86303176425395
55.94393256539468, -3.1859140866389994, NNW, 55.94393256539468, -3.1859140866389994, 227.62434193356398, 323.51851438291465
55.94420972925444, -3.186028891668709, N, 55.94420972925444, -3.186028891668709, 227.62434193356398, 322.26851438291465
55.94450972925444, -3.186028891668709, E, 55.94450972925444, -3.186028891668709, 262.7344987606225, 324.3292630982437
55.94450972925444, -3.1857288916687088, ENE, 55.94450972925444, -3.1857288916687088, 364.4613307614508, 432.37210000296284
55.94462453428415, -3.1854517278089554, NW, 55.94462453428415, -3.1854517278089554, 280.93439541124826, 365.64559739393695
55.94483666631851, -3.185663859843311, ESE, 55.94483666631851, -3.185663859843311, 280.93439541124826, 364.39559739393695
55.9447218612888, -3.1853866959835577, NE, 55.9447218612888, -3.1853866959835577, 280.93439541124826, 363.14559739393695
55.944933993323154, -3.185174563949202, NNW, 55.944933993323154, -3.185174563949202, 280.93439541124826, 361.89559739393695
55.94521115718291, -3.1852893689789115, NE, 55.94521115718291, -3.1852893689789115, 284.073350905548, 401.60950220897024
55.94542328921727, -3.1850772369445557, ESE, 55.94542328921727, -3.1850772369445557, 284.073350905548, 400.35950220897024
55.94530848418756, -3.1848000730848023, SSW, 55.94530848418756, -3.1848000730848023, 284.073350905548, 399.10950220897024
55.9450313203278, -3.184914878114512, W, 55.9450313203278, -3.184914878114512, 284.073350905548, 397.85950220897024
55.9450313203278, -3.185214878114512, NNW, 55.9450313203278, -3.185214878114512, 284.073350905548, 396.60950220897024
55.94530848418756, -3.1853296831442215, WNW, 55.94530848418756, -3.1853296831442215, 284.073350905548, 395.35950220897024
55.94542328921727, -3.185606847003975, SSW, 55.94542328921727, -3.185606847003975, 250.59764308913705, 305.3667880270869
55.94514612535751, -3.1857216520336844, E, 55.94514612535751, -3.1857216520336844, 250.59764308913705, 304.1167880270869
55.94514612535751, -3.185421652033684, SE, 55.94514612535751, -3.185421652033684, 250.59764308913705, 302.8667880270869
55.944933993323154, -3.1852095199993284, E, 55.944933993323154, -3.1852095199993284, 250.59764308913705, 301.6167880270869
55.944933993323154, -3.1849095199993283, NNE, 55.944933993323154, -3.1849095199993283, 250.59764308913705, 300.3667880270869
55.94521115718291, -3.1847947149696187, ESE, 55.94521115718291, -3.1847947149696187, 282.38478691045805, 329.2126256536221
55.9450963521532, -3.1845175511098653, SSW, 55.9450963521532, -3.1845175511098653, 398.0666667539585, 377.2446118823178
55.944819188293444, -3.184632356139575, W, 55.944819188293444, -3.184632356139575, 398.0666667539585, 375.9946118823178
55.944819188293444, -3.184932356139575, NE, 55.944819188293444, -3.184932356139575, 398.0666667539585, 374.7446118823178
55.9450313203278, -3.1847202241052193, SE, 55.9450313203278, -3.1847202241052193, 398.0666667539585, 373.4946118823178
55.944819188293444, -3.1845080920708635, SSE, 55.944819188293444, -3.1845080920708635, 398.0666667539585, 372.2446118823178
55.94454202443369, -3.184393287041154, W, 55.94454202443369, -3.184393287041154, 398.0666667539585, 370.9946118823178
55.94454202443369, -3.184693287041154, WSW, 55.94454202443369, -3.184693287041154, 398.0666667539585, 369.7446118823178
55.94442721940398, -3.1849704509009076, NNW, 55.94442721940398, -3.1849704509009076, 398.0666667539585, 368.4946118823178
55.94470438326373, -3.185085255930617, NNW, 55.94470438326373, -3.185085255930617, 398.0666667539585, 367.2446118823178
55.94498154712349, -3.1852000609603266, SE, 55.94498154712349, -3.1852000609603266, 398.0666667539585, 365.9946118823178
55.944769415089134, -3.184987928925971, SSW, 55.944769415089134, -3.184987928925971, 398.0666667539585, 364.7446118823178
55.94449225122938, -3.1851027339556803, WSW, 55.94449225122938, -3.1851027339556803, 398.0666667539585, 363.4946118823178
55.94437744619967, -3.1853798978154337, ENE, 55.94437744619967, -3.1853798978154337, 398.0666667539585, 362.2446118823178
55.94449225122938, -3.1851027339556803, WSW, 55.94449225122938, -3.1851027339556803, 398.0666667539585, 360.9946118823178
55.94437744619967, -3.1853798978154337, NE, 55.94437744619967, -3.1853798978154337, 398.0666667539585, 359.7446118823178
55.94458957823402, -3.185167765781078, NW, 55.94458957823402, -3.185167765781078, 398.0666667539585, 358.4946118823178
55.94480171026838, -3.1853798978154337, SW, 55.94480171026838, -3.1853798978154337, 398.0666667539585, 357.2446118823178
55.94458957823402, -3.1855920298497895, E, 55.94458957823402, -3.1855920298497895, 398.0666667539585, 355.9946118823178
55.94458957823402, -3.1852920298497893, E, 55.94458957823402, -3.1852920298497893, 398.0666667539585, 354.7446118823178
55.94458957823402, -3.184992029849789, WNW, 55.94458957823402, -3.184992029849789, 398.0666667539585, 353.4946118823178
55.94470438326373, -3.1852691937095425, SSE, 55.94470438326373, -3.1852691937095425, 398.0666667539585, 352.2446118823178
55.94442721940398, -3.185154388679833, SSW, 55.94442721940398, -3.185154388679833, 398.0666667539585, 350.9946118823178
55.94415005554422, -3.1852691937095425, SSW, 55.94415005554422, -3.1852691937095425, 398.0666667539585, 349.7446118823178
55.943872891684464, -3.185383998739252, E, 55.943872891684464, -3.185383998739252, 398.0666667539585, 348.4946118823178
55.943872891684464, -3.185083998739252, ESE, 55.943872891684464, -3.185083998739252, 398.0666667539585, 347.2446118823178
55.94375808665475, -3.1848068348794984, SW, 55.94375808665475, -3.1848068348794984, 398.0666667539585, 345.9946118823178
55.9435459546204, -3.185018966913854, SW, 55.9435459546204, -3.185018966913854, 398.0666667539585, 344.7446118823178
55.94333382258604, -3.18523109894821, ENE, 55.94333382258604, -3.18523109894821, 398.0666667539585, 343.4946118823178
55.94344862761575, -3.1849539350884566, ESE, 55.94344862761575, -3.1849539350884566, 398.0666667539585, 342.2446118823178
55.94333382258604, -3.184676771228703, E, 55.94333382258604, -3.184676771228703, 398.0666667539585, 340.9946118823178
55.94333382258604, -3.184376771228703, SSW, 55.94333382258604, -3.184376771228703, 398.0666667539585, 339.7446118823178
55.943056658726285, -3.1844915762584125, WNW, 55.943056658726285, -3.1844915762584125, 398.0666667539585, 338.4946118823178
55.943171463755995, -3.184768740118166, ESE, 55.943171463755995, -3.184768740118166, 398.0666667539585, 337.2446118823178
55.943056658726285, -3.1844915762584125, S, 55.943056658726285, -3.1844915762584125, 398.0666667539585, 335.9946118823178
55.94275665872628, -3.1844915762584125, N, 55.94275665872628, -3.1844915762584125, 398.0666667539585, 334.7446118823178
55.943056658726285, -3.1844915762584125, SW, 55.943056658726285, -3.1844915762584125, 398.0666667539585, 333.4946118823178
55.94284452669193, -3.1847037082927683, ESE, 55.94284452669193, -3.1847037082927683, 398.0666667539585, 332.2446118823178
55.94272972166222, -3.184426544433015, NW, 55.94272972166222, -3.184426544433015, 398.0666667539585, 330.9946118823178
55.942941853696574, -3.1846386764673706, NW, 55.942941853696574, -3.1846386764673706, 398.0666667539585, 329.7446118823178
55.94315398573093, -3.1848508085017264, NW, 55.94315398573093, -3.1848508085017264, 398.0666667539585, 328.4946118823178
55.94336611776529, -3.185062940536082, SSW, 55.94336611776529, -3.185062940536082, 398.0666667539585, 327.2446118823178
55.94308895390553, -3.1851777455657917, SSE, 55.94308895390553, -3.1851777455657917, 398.0666667539585, 325.9946118823178
55.94281179004577, -3.185062940536082, WNW, 55.94281179004577, -3.185062940536082, 398.0666667539585, 324.7446118823178
55.942926595075484, -3.1853401043958356, E, 55.942926595075484, -3.1853401043958356, 398.0666667539585, 323.4946118823178
55.942926595075484, -3.1850401043958354, SSW, 55.942926595075484, -3.1850401043958354, 398.0666667539585, 322.2446118823178
55.94264943121573, -3.185154909425545, NNW, 55.94264943121573, -3.185154909425545, 398.0666667539585, 320.9946118823178
55.942926595075484, -3.1852697144552544, ESE, 55.942926595075484, -3.1852697144552544, 398.0666667539585, 319.7446118823178
55.94281179004577, -3.184992550595501, NE, 55.94281179004577, -3.184992550595501, 398.0666667539585, 318.4946118823178
55.94302392208013, -3.1847804185611452, E, 55.94302392208013, -3.1847804185611452, 398.0666667539585, 317.2446118823178
55.94302392208013, -3.184480418561145, SSW, 55.94302392208013, -3.184480418561145, 398.0666667539585, 315.9946118823178
55.94274675822037, -3.1845952235908546, WNW, 55.94274675822037, -3.1845952235908546, 398.0666667539585, 314.7446118823178
55.942861563250084, -3.184872387450608, WNW, 55.942861563250084, -3.184872387450608, 398.0666667539585, 313.4946118823178
55.942976368279794, -3.1851495513103614, NE, 55.942976368279794, -3.1851495513103614, 398.0666667539585, 312.2446118823178
55.94318850031415, -3.1849374192760056, SE, 55.94318850031415, -3.1849374192760056, 398.0666667539585, 310.9946118823178
55.942976368279794, -3.18472528724165, NNE, 55.942976368279794, -3.18472528724165, 398.0666667539585, 309.7446118823178
55.94325353213955, -3.1846104822119403, SE, 55.94325353213955, -3.1846104822119403, 398.0666667539585, 308.4946118823178
55.943041400105194, -3.1843983501775845, W, 55.943041400105194, -3.1843983501775845, 398.0666667539585, 307.2446118823178
55.943041400105194, -3.1846983501775847, S, 55.943041400105194, -3.1846983501775847, 398.0666667539585, 305.9946118823178
55.94274140010519, -3.1846983501775847, E, 55.94274140010519, -3.1846983501775847, 398.0666667539585, 304.7446118823178
55.94274140010519, -3.1843983501775845, NW, 55.94274140010519, -3.1843983501775845, 398.0666667539585, 303.4946118823178
55.94295353213955, -3.1846104822119403, N, 55.94295353213955, -3.1846104822119403, 398.0666667539585, 302.2446118823178
55.94325353213955, -3.1846104822119403, W, 55.94325353213955, -3.1846104822119403, 398.0666667539585, 300.9946118823178
55.94325353213955, -3.1849104822119405, NE, 55.94325353213955, -3.1849104822119405, 398.0666667539585, 299.7446118823178
55.94346566417391, -3.1846983501775847, NW, 55.94346566417391, -3.1846983501775847, 398.0666667539585, 298.4946118823178
55.94367779620826, -3.1849104822119405, SW, 55.94367779620826, -3.1849104822119405, 398.0666667539585, 297.2446118823178
55.94346566417391, -3.1851226142462963, NNE, 55.94346566417391, -3.1851226142462963, 398.0666667539585, 295.9946118823178
55.94374282803366, -3.1850078092165868, S, 55.94374282803366, -3.1850078092165868, 398.0666667539585, 294.7446118823178
55.94344282803366, -3.1850078092165868, ESE, 55.94344282803366, -3.1850078092165868, 398.0666667539585, 293.4946118823178
55.94332802300395, -3.1847306453568334, S, 55.94332802300395, -3.1847306453568334, 398.0666667539585, 292.2446118823178
55.94302802300395, -3.1847306453568334, ESE, 55.94302802300395, -3.1847306453568334, 398.0666667539585, 290.9946118823178
55.94291321797424, -3.18445348149708, W, 55.94291321797424, -3.18445348149708, 398.0666667539585, 289.7446118823178
55.94291321797424, -3.18475348149708, ESE, 55.94291321797424, -3.18475348149708, 398.0666667539585, 288.4946118823178
55.942798412944526, -3.1844763176373267, W, 55.942798412944526, -3.1844763176373267, 398.0666667539585, 287.2446118823178
55.942798412944526, -3.184776317637327, NNW, 55.942798412944526, -3.184776317637327, 398.0666667539585, 285.9946118823178
55.94307557680428, -3.1848911226670364, SSW, 55.94307557680428, -3.1848911226670364, 398.0666667539585, 284.7446118823178
55.942798412944526, -3.185005927696746, WNW, 55.942798412944526, -3.185005927696746, 398.0666667539585, 283.4946118823178
55.94291321797424, -3.1852830915564994, ESE, 55.94291321797424, -3.1852830915564994, 398.0666667539585, 282.2446118823178
55.942798412944526, -3.185005927696746, E, 55.942798412944526, -3.185005927696746, 398.0666667539585, 280.9946118823178
55.942798412944526, -3.1847059276967458, NE, 55.942798412944526, -3.1847059276967458, 398.0666667539585, 279.7446118823178
55.94301054497888, -3.18449379566239, S, 55.94301054497888, -3.18449379566239, 398.0666667539585, 278.4946118823178
55.94271054497888, -3.18449379566239, NW, 55.94271054497888, -3.18449379566239, 398.0666667539585, 277.2446118823178
55.942922677013236, -3.1847059276967458, N, 55.942922677013236, -3.1847059276967458, 398.0666667539585, 275.9946118823178
55.94322267701324, -3.1847059276967458, NW, 55.94322267701324, -3.1847059276967458, 398.0666667539585, 274.7446118823178
55.943434809047595, -3.1849180597311015, N, 55.943434809047595, -3.1849180597311015, 398.0666667539585, 273.4946118823178
55.9437348090476, -3.1849180597311015, SSE, 55.9437348090476, -3.1849180597311015, 398.0666667539585, 272.2446118823178
55.94345764518784, -3.184803254701392, N, 55.94345764518784, -3.184803254701392, 398.0666667539585, 270.9946118823178
55.943757645187844, -3.184803254701392, WNW, 55.943757645187844, -3.184803254701392, 398.0666667539585, 269.7446118823178
55.943872450217555, -3.1850804185611454, WSW, 55.943872450217555, -3.1850804185611454, 398.0666667539585, 268.4946118823178
55.943757645187844, -3.185357582420899, WNW, 55.943757645187844, -3.185357582420899, 398.0666667539585, 267.2446118823178
55.943872450217555, -3.1856347462806522, WSW, 55.943872450217555, -3.1856347462806522, 398.0666667539585, 265.9946118823178
55.943757645187844, -3.1859119101404056, E, 55.943757645187844, -3.1859119101404056, 398.0666667539585, 264.7446118823178
55.943757645187844, -3.1856119101404055, NW, 55.943757645187844, -3.1856119101404055, 398.0666667539585, 263.4946118823178
55.9439697772222, -3.1858240421747612, SSW, 55.9439697772222, -3.1858240421747612, 398.0666667539585, 262.2446118823178
55.943692613362444, -3.1859388472044707, SSE, 55.943692613362444, -3.1859388472044707, 398.0666667539585, 260.9946118823178
55.94341544950269, -3.1858240421747612, NE, 55.94341544950269, -3.1858240421747612, 398.0666667539585, 259.7446118823178
55.943627581537044, -3.1856119101404055, NW, 55.943627581537044, -3.1856119101404055, 398.0666667539585, 258.4946118823178
55.9438397135714, -3.1858240421747612, SE, 55.9438397135714, -3.1858240421747612, 398.0666667539585, 257.2446118823178
55.943627581537044, -3.1856119101404055, W, 55.943627581537044, -3.1856119101404055, 398.0666667539585, 255.99461188231783
55.943627581537044, -3.1859119101404056, SSW, 55.943627581537044, -3.1859119101404056, 398.0666667539585, 254.74461188231783
55.94335041767729, -3.186026715170115, S, 55.94335041767729, -3.186026715170115, 517.4889602582437, 348.88998353984186
55.943050417677284, -3.186026715170115, N, 55.943050417677284, -3.186026715170115, 517.4889602582437, 347.63998353984186
55.94335041767729, -3.186026715170115, SSW, 55.94335041767729, -3.186026715170115, 517.4889602582437, 346.38998353984186
55.94307325381753, -3.1861415201998247, SSW, 55.94307325381753, -3.1861415201998247, 517.4889602582437, 345.13998353984186
55.942796089957774, -3.186256325229534, ENE, 55.942796089957774, -3.186256325229534, 517.4889602582437, 343.88998353984186
55.942910894987484, -3.1859791613697808, SSW, 55.942910894987484, -3.1859791613697808, 517.4889602582437, 342.63998353984186
55.94263373112773, -3.1860939663994903, NNW, 55.94263373112773, -3.1860939663994903, 517.4889602582437, 341.38998353984186
55.942910894987484, -3.1862087714292, NNW, 55.942910894987484, -3.1862087714292, 540.7897002827763, 407.94689790779614
55.94318805884724, -3.1863235764589093, S, 55.94318805884724, -3.1863235764589093, 540.7897002827763, 406.69689790779614
55.94288805884724, -3.1863235764589093, NNE, 55.94288805884724, -3.1863235764589093, 540.7897002827763, 405.44689790779614
55.943165222706995, -3.1862087714292, S, 55.943165222706995, -3.1862087714292, 540.7897002827763, 404.19689790779614
55.94286522270699, -3.1862087714292, N, 55.94286522270699, -3.1862087714292, 540.7897002827763, 402.94689790779614
55.943165222706995, -3.1862087714292, NE, 55.943165222706995, -3.1862087714292, 540.7897002827763, 401.69689790779614
55.94337735474135, -3.185996639394844, SE, 55.94337735474135, -3.185996639394844, 540.7897002827763, 400.44689790779614
55.943165222706995, -3.1857845073604882, NE, 55.943165222706995, -3.1857845073604882, 540.7897002827763, 399.19689790779614
55.94337735474135, -3.1855723753261325, NNW, 55.94337735474135, -3.1855723753261325, 540.7897002827763, 397.94689790779614
55.94365451860111, -3.185687180355842, NNE, 55.94365451860111, -3.185687180355842, 540.7897002827763, 396.69689790779614
55.943931682460864, -3.1855723753261325, SSW, 55.943931682460864, -3.1855723753261325, 540.7897002827763, 395.44689790779614
55.94365451860111, -3.185687180355842, SSE, 55.94365451860111, -3.185687180355842, 540.7897002827763, 394.19689790779614
55.94337735474135, -3.1855723753261325, W, 55.94337735474135, -3.1855723753261325, 540.7897002827763, 392.94689790779614
55.94337735474135, -3.1858723753261327, W, 55.94337735474135, -3.1858723753261327, 540.7897002827763, 391.69689790779614
55.94337735474135, -3.186172375326133, SE, 55.94337735474135, -3.186172375326133, 540.7897002827763, 390.44689790779614
55.943165222706995, -3.185960243291777, NW, 55.943165222706995, -3.185960243291777, 540.7897002827763, 389.19689790779614
55.94337735474135, -3.186172375326133, SSE, 55.94337735474135, -3.186172375326133, 540.7897002827763, 387.94689790779614
55.943100190881594, -3.1860575702964233, NW, 55.943100190881594, -3.1860575702964233, 540.7897002827763, 386.69689790779614
55.94331232291595, -3.186269702330779, NNE, 55.94331232291595, -3.186269702330779, 540.7897002827763, 385.44689790779614
55.94358948677571, -3.1861548973010696, SSE, 55.94358948677571, -3.1861548973010696, 540.7897002827763, 384.19689790779614
55.94331232291595, -3.18604009227136, W, 55.94331232291595, -3.18604009227136, 540.7897002827763, 382.94689790779614
55.94331232291595, -3.1863400922713603, SE, 55.94331232291595, -3.1863400922713603, 540.7897002827763, 381.69689790779614
55.943100190881594, -3.1861279602370045, WSW, 55.943100190881594, -3.1861279602370045, 540.7897002827763, 380.44689790779614
55.942985385851884, -3.186405124096758, ENE, 55.942985385851884, -3.186405124096758, 540.7897002827763, 379.19689790779614
55.943100190881594, -3.1861279602370045, NE, 55.943100190881594, -3.1861279602370045, 540.7897002827763, 377.94689790779614
55.94331232291595, -3.1859158282026487, NE, 55.94331232291595, -3.1859158282026487, 540.7897002827763, 376.69689790779614
55.94352445495031, -3.185703696168293, ESE, 55.94352445495031, -3.185703696168293, 540.7897002827763, 375.44689790779614
55.943409649920596, -3.1854265323085396, WSW, 55.943409649920596, -3.1854265323085396, 540.7897002827763, 374.19689790779614
55.943294844890886, -3.185703696168293, SE, 55.943294844890886, -3.185703696168293, 540.7897002827763, 372.94689790779614
55.94308271285653, -3.185491564133937, S, 55.94308271285653, -3.185491564133937, 540.7897002827763, 371.69689790779614
55.94278271285653, -3.185491564133937, E, 55.94278271285653, -3.185491564133937, 540.7897002827763, 370.44689790779614
55.94278271285653, -3.185191564133937, NNE, 55.94278271285653, -3.185191564133937, 540.7897002827763, 369.19689790779614
55.94305987671628, -3.1850767591042275, W, 55.94305987671628, -3.1850767591042275, 540.7897002827763, 367.94689790779614
55.94305987671628, -3.1853767591042277, SSE, 55.94305987671628, -3.1853767591042277, 540.7897002827763, 366.69689790779614
55.94278271285653, -3.185261954074518, E, 55.94278271285653, -3.185261954074518, 540.7897002827763, 365.44689790779614
55.94278271285653, -3.184961954074518, WNW, 55.94278271285653, -3.184961954074518, 540.7897002827763, 364.19689790779614
55.94289751788624, -3.1852391179342714, SE, 55.94289751788624, -3.1852391179342714, 540.7897002827763, 362.94689790779614
55.94268538585188, -3.1850269858999156, E, 55.94268538585188, -3.1850269858999156, 540.7897002827763, 361.69689790779614
55.94268538585188, -3.1847269858999154, NNE, 55.94268538585188, -3.1847269858999154, 540.7897002827763, 360.44689790779614
55.94296254971164, -3.184612180870206, NW, 55.94296254971164, -3.184612180870206, 540.7897002827763, 359.19689790779614
55.943174681745994, -3.1848243129045617, WSW, 55.943174681745994, -3.1848243129045617, 540.7897002827763, 357.94689790779614
55.94305987671628, -3.185101476764315, NW, 55.94305987671628, -3.185101476764315, 540.7897002827763, 356.69689790779614
55.94327200875064, -3.185313608798671, WSW, 55.94327200875064, -3.185313608798671, 540.7897002827763, 355.44689790779614
55.94315720372093, -3.1855907726584243, SW, 55.94315720372093, -3.1855907726584243, 540.7897002827763, 354.19689790779614
55.94294507168657, -3.18580290469278, ENE, 55.94294507168657, -3.18580290469278, 540.7897002827763, 352.94689790779614
55.94305987671628, -3.1855257408330266, N, 55.94305987671628, -3.1855257408330266, 540.7897002827763, 351.69689790779614
55.943359876716286, -3.1855257408330266, ENE, 55.943359876716286, -3.1855257408330266, 540.7897002827763, 350.44689790779614
55.943474681746, -3.1852485769732732, ENE, 55.943474681746, -3.1852485769732732, 540.7897002827763, 349.19689790779614
55.94358948677571, -3.18497141311352, N, 55.94358948677571, -3.18497141311352, 540.7897002827763, 347.94689790779614
55.94388948677571, -3.18497141311352, NE, 55.94388948677571, -3.18497141311352, 540.7897002827763, 346.69689790779614
55.944101618810066, -3.184759281079164, WNW, 55.944101618810066, -3.184759281079164, 540.7897002827763, 345.44689790779614
55.94421642383978, -3.1850364449389175, ENE, 55.94421642383978, -3.1850364449389175, 540.7897002827763, 344.19689790779614
55.94433122886949, -3.184759281079164, NW, 55.94433122886949, -3.184759281079164, 540.7897002827763, 342.94689790779614
55.94454336090384, -3.18497141311352, S, 55.94454336090384, -3.18497141311352, 540.7897002827763, 341.69689790779614