55.944425, -3.188396, S, 55.944425, -3.188396, 54.84793442132258, 319.4701950547421
55.944125, -3.188396, ESE, 55.944125, -3.188396, 54.84793442132258, 318.2201950547421
55.94401019497029, -3.1881188361402466, ESE, 55.94401019497029, -3.1881188361402466, 66.42787066232898, 382.5598795776131
55.94389538994058, -3.187841672280493, NW, 55.94389538994058, -3.187841672280493, 66.42787066232898, 381.3098795776131
55.944107521974935, -3.188053804314849, N, 55.944107521974935, -3.188053804314849, 66.42787066232898, 380.0598795776131
55.94440752197494, -3.188053804314849, NW, 55.94440752197494, -3.188053804314849, 66.42787066232898, 378.8098795776131
55.944619654009294, -3.1882659363492047, NW, 55.944619654009294, -3.1882659363492047, 151.33120344303592, 466.7071619292434
55.94483178604365, -3.1884780683835605, NNW, 55.94483178604365, -3.1884780683835605, 249.81408847024815, 489.0940174451733
55.94510894990341, -3.18859287341327, NNW, 55.94510894990341, -3.18859287341327, 249.81408847024815, 487.8440174451733
55.94538611376316, -3.1887076784429795, NNE, 55.94538611376316, -3.1887076784429795, 334.35634945597695, 502.3170685545614
55.94566327762292, -3.18859287341327, WNW, 55.94566327762292, -3.18859287341327, 334.35634945597695, 501.0670685545614
55.94577808265263, -3.1888700372730234, NW, 55.94577808265263, -3.1888700372730234, 414.72731806502895, 571.4263879706727
55.94599021468699, -3.189082169307379, SW, 55.94599021468699, -3.189082169307379, 414.72731806502895, 570.1763879706727
55.94577808265263, -3.189294301341735, WSW, 55.94577808265263, -3.189294301341735, 414.72731806502895, 568.9263879706727
55.94566327762292, -3.1895714652014884, W, 55.94566327762292, -3.1895714652014884, 414.72731806502895, 567.6763879706727
55.94566327762292, -3.1898714652014886, W, 55.94566327762292, -3.1898714652014886, 414.72731806502895, 566.4263879706727
55.94566327762292, -3.1901714652014888, SW, 55.94566327762292, -3.1901714652014888, 447.20758539819553, 632.9225754074732
55.945451145588564, -3.1903835972358445, NNE, 55.945451145588564, -3.1903835972358445, 447.20758539819553, 631.6725754074732
55.94572830944832, -3.190268792206135, NNW, 55.94572830944832, -3.190268792206135, 475.51722099425865, 702.891349267857
55.94600547330808, -3.1903835972358445, WSW, 55.94600547330808, -3.1903835972358445, 475.51722099425865, 701.641349267857
55.945890668278366, -3.190660761095598, WNW, 55.945890668278366, -3.190660761095598, 475.51722099425865, 700.391349267857
55.94600547330808, -3.1909379249553513, WSW, 55.94600547330808, -3.1909379249553513, 475.51722099425865, 699.141349267857
55.945890668278366, -3.1912150888151047, WNW, 55.945890668278366, -3.1912150888151047, 577.2025904593125, 771.7333504050025
55.94600547330808, -3.191492252674858, NE, 55.94600547330808, -3.191492252674858, 647.6010828735937, 778.5604991785858
55.94621760534243, -3.1912801206405024, SE, 55.94621760534243, -3.1912801206405024, 647.6010828735937, 777.3104991785858
55.94600547330808, -3.1910679886061466, SSW, 55.94600547330808, -3.1910679886061466, 647.6010828735937, 776.0604991785858
55.94572830944832, -3.191182793635856, WSW, 55.94572830944832, -3.191182793635856, 647.6010828735937, 774.8104991785858
55.94561350441861, -3.1914599574956095, WSW, 55.94561350441861, -3.1914599574956095, 771.5077888708964, 833.1524236650755
55.9454986993889, -3.191737121355363, WSW, 55.9454986993889, -3.191737121355363, 843.4130827317771, 893.3463016109552
55.94538389435919, -3.1920142852151163, N, 55.94538389435919, -3.1920142852151163, 843.4130827317771, 892.0963016109552
55.94568389435919, -3.1920142852151163, NNW, 55.94568389435919, -3.1920142852151163, 848.1345451642661, 965.284733068915
55.94596105821895, -3.192129090244826, ESE, 55.94596105821895, -3.192129090244826, 848.1345451642661, 964.034733068915
55.94584625318924, -3.1918519263850724, SSW, 55.94584625318924, -3.1918519263850724, 848.1345451642661, 962.784733068915
55.94556908932948, -3.191966731414782, NE, 55.94556908932948, -3.191966731414782, 848.1345451642661, 961.534733068915
55.94578122136384, -3.191754599380426, SE, 55.94578122136384, -3.191754599380426, 848.1345451642661, 960.284733068915
55.94556908932948, -3.1915424673460704, ESE, 55.94556908932948, -3.1915424673460704, 848.1345451642661, 959.034733068915
55.94545428429977, -3.191265303486317, SE, 55.94545428429977, -3.191265303486317, 848.1345451642661, 957.784733068915
55.945242152265415, -3.191053171451961, ESE, 55.945242152265415, -3.191053171451961, 848.1345451642661, 956.534733068915
55.945127347235704, -3.190776007592208, ESE, 55.945127347235704, -3.190776007592208, 848.1345451642661, 955.284733068915
55.945012542205994, -3.1904988437324544, SE, 55.945012542205994, -3.1904988437324544, 848.1345451642661, 954.034733068915
55.94480041017164, -3.1902867116980986, ESE, 55.94480041017164, -3.1902867116980986, 891.5149462668211, 1042.2349687032279
55.94468560514193, -3.1900095478383452, ESE, 55.94468560514193, -3.1900095478383452, 891.5149462668211, 1040.9849687032279
55.94457080011222, -3.189732383978592, SE, 55.94457080011222, -3.189732383978592, 919.8407210324033, 1101.1674579729913
55.94435866807786, -3.189520251944236, SSE, 55.94435866807786, -3.189520251944236, 919.8407210324033, 1099.9174579729913
55.944081504218104, -3.1894054469145265, SSE, 55.944081504218104, -3.1894054469145265, 919.8407210324033, 1098.6674579729913
55.94380434035835, -3.189290641884817, SSE, 55.94380434035835, -3.189290641884817, 958.0618223660077, 1196.2217698290538
55.94352717649859, -3.1891758368551075, W, 55.94352717649859, -3.1891758368551075, 958.0618223660077, 1194.9717698290538
55.94352717649859, -3.1894758368551077, W, 55.94352717649859, -3.1894758368551077, 958.0618223660077, 1193.7217698290538
55.94352717649859, -3.189775836855108, WSW, 55.94352717649859, -3.189775836855108, 958.0618223660077, 1192.4717698290538
55.94341237146888, -3.1900530007148613, WSW, 55.94341237146888, -3.1900530007148613, 958.0618223660077, 1191.2217698290538
55.94329756643917, -3.1903301645746147, W, 55.94329756643917, -3.1903301645746147, 958.0618223660077, 1189.9717698290538
55.94329756643917, -3.190630164574615, SW, 55.94329756643917, -3.190630164574615, 987.709993865566, 1285.8831041299147
55.943085434404814, -3.1908422966089707, N, 55.943085434404814, -3.1908422966089707, 987.709993865566, 1284.6331041299147
55.94338543440482, -3.1908422966089707, W, 55.94338543440482, -3.1908422966089707, 987.709993865566, 1283.3831041299147
55.94338543440482, -3.191142296608971, WSW, 55.94338543440482, -3.191142296608971, 1024.3976257208265, 1352.1852287396096
55.94327062937511, -3.1914194604687243, NE, 55.94327062937511, -3.1914194604687243, 1024.3976257208265, 1350.9352287396096
55.94348276140946, -3.1912073284343685, E, 55.94348276140946, -3.1912073284343685, 1024.3976257208265, 1349.6852287396096
55.94348276140946, -3.1909073284343683, E, 55.94348276140946, -3.1909073284343683, 1024.3976257208265, 1348.4352287396096
55.94348276140946, -3.190607328434368, E, 55.94348276140946, -3.190607328434368, 1024.3976257208265, 1347.1852287396096
55.94348276140946, -3.190307328434368, E, 55.94348276140946, -3.190307328434368, 1024.3976257208265, 1345.9352287396096
55.94348276140946, -3.1900073284343677, ESE, 55.94348276140946, -3.1900073284343677, 1024.3976257208265, 1344.6852287396096
55.94336795637975, -3.1897301645746143, E, 55.94336795637975, -3.1897301645746143, 1024.3976257208265, 1343.4352287396096
55.94336795637975, -3.189430164574614, SSE, 55.94336795637975, -3.189430164574614, 1024.3976257208265, 1342.1852287396096
55.943090792519996, -3.1893153595449046, E, 55.943090792519996, -3.1893153595449046, 1024.3976257208265, 1340.9352287396096
55.943090792519996, -3.1890153595449044, ESE, 55.943090792519996, -3.1890153595449044, 1024.3976257208265, 1339.6852287396096
55.942975987490286, -3.188738195685151, ESE, 55.942975987490286, -3.188738195685151, 1024.3976257208265, 1338.4352287396096
55.942861182460575, -3.1884610318253976, E, 55.942861182460575, -3.1884610318253976, 1024.3976257208265, 1337.1852287396096
55.942861182460575, -3.1881610318253975, E, 55.942861182460575, -3.1881610318253975, 1024.3976257208265, 1335.9352287396096
55.942861182460575, -3.1878610318253973, ESE, 55.942861182460575, -3.1878610318253973, 1024.3976257208265, 1334.6852287396096
55.942746377430865, -3.187583867965644, E, 55.942746377430865, -3.187583867965644, 1024.3976257208265, 1333.4352287396096
55.942746377430865, -3.1872838679656437, ENE, 55.942746377430865, -3.1872838679656437, 1082.448579974444, 1427.9129253119045
55.942861182460575, -3.1870067041058903, NNE, 55.942861182460575, -3.1870067041058903, 1082.448579974444, 1426.6629253119045
55.94313834632033, -3.1868918990761808, NNE, 55.94313834632033, -3.1868918990761808, 1082.448579974444, 1425.4129253119045
55.94341551018009, -3.1867770940464712, NE, 55.94341551018009, -3.1867770940464712, 1087.7207151048378, 1524.7727643946978
55.943627642214445, -3.1865649620121155, N, 55.943627642214445, -3.1865649620121155, 1092.0785239553782, 1603.8065952784216
55.94392764221445, -3.1865649620121155, ENE, 55.94392764221445, -3.1865649620121155, 1092.0785239553782, 1602.5565952784216
55.94404244724416, -3.186287798152362, ENE, 55.94404244724416, -3.186287798152362, 1093.0722578071632, 1608.6473753179216
55.94415725227387, -3.1860106342926087, N, 55.94415725227387, -3.1860106342926087, 1208.8472456072568, 1612.8895150109465
55.94445725227387, -3.1860106342926087, WNW, 55.94445725227387, -3.1860106342926087, 1208.8472456072568, 1611.6395150109465
55.94457205730358, -3.186287798152362, NE, 55.94457205730358, -3.186287798152362, 1243.380322539234, 1699.3191475465367
55.94478418933794, -3.1860756661180063, ENE, 55.94478418933794, -3.1860756661180063, 1243.380322539234, 1698.0691475465367
55.94489899436765, -3.185798502258253, N, 55.94489899436765, -3.185798502258253, 1243.380322539234, 1696.8191475465367
55.94519899436765, -3.185798502258253, WNW, 55.94519899436765, -3.185798502258253, 1299.496131812064, 1757.8961608304069
55.94531379939736, -3.1860756661180063, NE, 55.94531379939736, -3.1860756661180063, 1299.496131812064, 1756.6461608304069
55.94552593143172, -3.1858635340836505, ENE, 55.94552593143172, -3.1858635340836505, 1386.8685404864586, 1789.2730269935096
55.94564073646143, -3.185586370223897, WNW, 55.94564073646143, -3.185586370223897, 1386.8685404864586, 1788.0230269935096
55.94575554149114, -3.1858635340836505, E, 55.94575554149114, -3.1858635340836505, 1419.7168312758383, 1883.3805885017928
55.94575554149114, -3.1855635340836503, N, 55.94575554149114, -3.1855635340836503, 1419.7168312758383, 1882.1305885017928
55.94605554149114, -3.1855635340836503, SSE, 55.94605554149114, -3.1855635340836503, 1473.8239658226619, 1898.9877469014698
55.945778377631385, -3.185448729053941, S, 55.945778377631385, -3.185448729053941, 1584.8459655281997, 1911.3279876896381
55.94547837763138, -3.185448729053941, S, 55.94547837763138, -3.185448729053941, 1603.56914102893, 2017.6334421503407
55.94517837763138, -3.185448729053941, SSE, 55.94517837763138, -3.185448729053941, 1603.56914102893, 2016.3834421503407
55.94490121377162, -3.1853339240242313, ESE, 55.94490121377162, -3.1853339240242313, 1603.56914102893, 2015.1334421503407
55.94478640874191, -3.185056760164478, NE, 55.94478640874191, -3.185056760164478, 1694.5710276059897, 2015.871913542661
55.94499854077627, -3.184844628130122, NE, 55.94499854077627, -3.184844628130122, 1798.5384366151368, 2106.1377468001374
55.945210672810624, -3.1846324960957664, N, 55.945210672810624, -3.1846324960957664, 1871.8949979883025, 2131.3460748241932
55.94551067281063, -3.1846324960957664, NW, 55.94551067281063, -3.1846324960957664, 1871.8949979883025, 2130.0960748241932
55.94572280484498, -3.184844628130122, WNW, 55.94572280484498, -3.184844628130122, 1904.7191852122698, 2146.7447279433886
55.945837609874694, -3.1851217919898756, S, 55.945837609874694, -3.1851217919898756, 1904.7191852122698, 2145.4947279433886
55.94553760987469, -3.1851217919898756, NNE, 55.94553760987469, -3.1851217919898756, 1904.7191852122698, 2144.2447279433886
55.94581477373445, -3.185006986960166, SSW, 55.94581477373445, -3.185006986960166, 1904.7191852122698, 2142.9947279433886
55.94553760987469, -3.1851217919898756, NE, 55.94553760987469, -3.1851217919898756, 1904.7191852122698, 2141.7447279433886
55.94574974190905, -3.18490965995552, SW, 55.94574974190905, -3.18490965995552, 1904.7191852122698, 2140.4947279433886
55.94553760987469, -3.1851217919898756, NE, 55.94553760987469, -3.1851217919898756, 1904.7191852122698, 2139.2447279433886
55.94574974190905, -3.18490965995552, WSW, 55.94574974190905, -3.18490965995552, 1904.7191852122698, 2137.9947279433886
55.94563493687934, -3.185186823815273, NE, 55.94563493687934, -3.185186823815273, 1904.7191852122698, 2136.7447279433886
55.94584706891369, -3.1849746917809174, SSW, 55.94584706891369, -3.1849746917809174, 1904.7191852122698, 2135.4947279433886
55.94556990505394, -3.185089496810627, NNE, 55.94556990505394, -3.185089496810627, 1904.7191852122698, 2134.2447279433886
55.94584706891369, -3.1849746917809174, SSW, 55.94584706891369, -3.1849746917809174, 1904.7191852122698, 2132.9947279433886
55.94556990505394, -3.185089496810627, NE, 55.94556990505394, -3.185089496810627, 1904.7191852122698, 2131.7447279433886
55.94578203708829, -3.184877364776271, WSW, 55.94578203708829, -3.184877364776271, 1904.7191852122698, 2130.4947279433886
55.94566723205858, -3.1851545286360246, SE, 55.94566723205858, -3.1851545286360246, 1904.7191852122698, 2129.2447279433886
55.945455100024226, -3.184942396601669, WNW, 55.945455100024226, -3.184942396601669, 1904.7191852122698, 2127.9947279433886
55.94556990505394, -3.185219560461422, NE, 55.94556990505394, -3.185219560461422, 1904.7191852122698, 2126.7447279433886
55.94578203708829, -3.1850074284270664, SW, 55.94578203708829, -3.1850074284270664, 1904.7191852122698, 2125.4947279433886
55.94556990505394, -3.185219560461422, ESE, 55.94556990505394, -3.185219560461422, 1904.7191852122698, 2124.2447279433886
55.945455100024226, -3.184942396601669, W, 55.945455100024226, -3.184942396601669, 1904.7191852122698, 2122.9947279433886
55.945455100024226, -3.185242396601669, NNE, 55.945455100024226, -3.185242396601669, 1904.7191852122698, 2121.7447279433886
55.94573226388398, -3.1851275915719595, SSW, 55.94573226388398, -3.1851275915719595, 1904.7191852122698, 2120.4947279433886
55.945455100024226, -3.185242396601669, WSW, 55.945455100024226, -3.185242396601669, 1904.7191852122698, 2119.2447279433886
55.945340294994516, -3.1855195604614224, W, 55.945340294994516, -3.1855195604614224, 1904.7191852122698, 2117.9947279433886
55.945340294994516, -3.1858195604614226, NNW, 55.945340294994516, -3.1858195604614226, 1904.7191852122698, 2116.7447279433886
55.94561745885427, -3.185934365491132, SSE, 55.94561745885427, -3.185934365491132, 1904.7191852122698, 2115.4947279433886
55.945340294994516, -3.1858195604614226, NNW, 55.945340294994516, -3.1858195604614226, 1904.7191852122698, 2114.2447279433886
55.94561745885427, -3.185934365491132, WNW, 55.94561745885427, -3.185934365491132, 1904.7191852122698, 2112.9947279433886
55.94573226388398, -3.1862115293508855, W, 55.94573226388398, -3.1862115293508855, 1904.7191852122698, 2111.7447279433886
55.94573226388398, -3.1865115293508857, SW, 55.94573226388398, -3.1865115293508857, 1904.7191852122698, 2110.4947279433886
55.94552013184963, -3.1867236613852414, SSE, 55.94552013184963, -3.1867236613852414, 1979.0469629880076, 2156.611967034187
55.94524296798987, -3.186608856355532, W, 55.94524296798987, -3.186608856355532, 1979.0469629880076, 2155.361967034187
55.94524296798987, -3.186908856355532, SSW, 55.94524296798987, -3.186908856355532, 1979.0469629880076, 2154.111967034187
55.94496580413011, -3.1870236613852416, SE, 55.94496580413011, -3.1870236613852416, 1979.0469629880076, 2152.861967034187
55.94475367209576, -3.186811529350886, SSE, 55.94475367209576, -3.186811529350886, 1979.0469629880076, 2151.611967034187
55.944476508236, -3.1866967243211763, SE, 55.944476508236, -3.1866967243211763, 1979.0469629880076, 2150.361967034187
55.944264376201644, -3.1864845922868206, SE, 55.944264376201644, -3.1864845922868206, 1979.0469629880076, 2149.111967034187
55.94405224416729, -3.186272460252465, SE, 55.94405224416729, -3.186272460252465, 1979.0469629880076, 2147.861967034187
55.94384011213293, -3.186060328218109, SE, 55.94384011213293, -3.186060328218109, 1979.0469629880076, 2146.611967034187
55.943627980098576, -3.1858481961837533, SE, 55.943627980098576, -3.1858481961837533, 2074.90016142407, 2155.8334659593866
55.94341584806422, -3.1856360641493975, SSW, 55.94341584806422, -3.1856360641493975, 2074.90016142407, 2154.5834659593866
55.94313868420446, -3.185750869179107, S, 55.94313868420446, -3.185750869179107, 2123.4123529358862, 2188.7229119616777
55.94283868420446, -3.185750869179107, WSW, 55.94283868420446, -3.185750869179107, 2123.4123529358862, 2187.4729119616777
55.94272387917475, -3.1860280330388604, W, 55.94272387917475, -3.1860280330388604, 2123.4123529358862, 2186.2229119616777
55.94272387917475, -3.1863280330388606, NNE, 55.94272387917475, -3.1863280330388606, 2123.4123529358862, 2184.9729119616777
55.943001043034506, -3.186213228009151, ENE, 55.943001043034506, -3.186213228009151, 2123.4123529358862, 2183.7229119616777
55.94311584806422, -3.1859360641493977, NNW, 55.94311584806422, -3.1859360641493977, 2123.4123529358862, 2182.4729119616777
55.94339301192397, -3.186050869179107, SSE, 55.94339301192397, -3.186050869179107, 2123.4123529358862, 2181.2229119616777
55.94311584806422, -3.1859360641493977, SW, 55.94311584806422, -3.1859360641493977, 2123.4123529358862, 2179.9729119616777
55.94290371602986, -3.1861481961837534, WSW, 55.94290371602986, -3.1861481961837534, 2123.4123529358862, 2178.7229119616777
55.94278891100015, -3.186425360043507, WSW, 55.94278891100015, -3.186425360043507, 2123.4123529358862, 2177.4729119616777
55.94267410597044, -3.1867025239032603, NNW, 55.94267410597044, -3.1867025239032603, 2123.4123529358862, 2176.2229119616777
55.942951269830196, -3.1868173289329698, E, 55.942951269830196, -3.1868173289329698, 2123.4123529358862, 2174.9729119616777
55.942951269830196, -3.1865173289329696, NW, 55.942951269830196, -3.1865173289329696, 2123.4123529358862, 2173.7229119616777
55.94316340186455, -3.1867294609673253, WSW, 55.94316340186455, -3.1867294609673253, 2123.4123529358862, 2172.4729119616777
55.94304859683484, -3.1870066248270787, NNE, 55.94304859683484, -3.1870066248270787, 2123.4123529358862, 2171.2229119616777
55.9433257606946, -3.1868918197973692, SW, 55.9433257606946, -3.1868918197973692, 2123.4123529358862, 2169.9729119616777
55.94311362866024, -3.187103951831725, ESE, 55.94311362866024, -3.187103951831725, 2123.4123529358862, 2168.7229119616777
55.94299882363053, -3.1868267879719716, NNE, 55.94299882363053, -3.1868267879719716, 2123.4123529358862, 2167.4729119616777
55.94327598749029, -3.186711982942262, NW, 55.94327598749029, -3.186711982942262, 2123.4123529358862, 2166.2229119616777
55.943488119524645, -3.186924114976618, E, 55.943488119524645, -3.186924114976618, 2123.4123529358862, 2164.9729119616777
55.943488119524645, -3.1866241149766177, W, 55.943488119524645, -3.1866241149766177, 2123.4123529358862, 2163.7229119616777
55.943488119524645, -3.186924114976618, SSE, 55.943488119524645, -3.186924114976618, 2123.4123529358862, 2162.4729119616777
55.94321095566489, -3.1868093099469084, S, 55.94321095566489, -3.1868093099469084, 2123.4123529358862, 2161.2229119616777
55.942910955664885, -3.1868093099469084, N, 55.942910955664885, -3.1868093099469084, 2123.4123529358862, 2159.9729119616777
55.94321095566489, -3.1868093099469084, SSW, 55.94321095566489, -3.1868093099469084, 2123.4123529358862, 2158.7229119616777
55.94293379180513, -3.186924114976618, SSE, 55.94293379180513, -3.186924114976618, 2123.4123529358862, 2157.4729119616777
55.942656627945375, -3.1868093099469084, E, 55.942656627945375, -3.1868093099469084, 2123.4123529358862, 2156.2229119616777
55.942656627945375, -3.186509309946908, NNW, 55.942656627945375, -3.186509309946908, 2123.4123529358862, 2154.9729119616777
55.94293379180513, -3.1866241149766177, WNW, 55.94293379180513, -3.1866241149766177, 2123.4123529358862, 2153.7229119616777
55.94304859683484, -3.186901278836371, S, 55.94304859683484, -3.186901278836371, 2123.4123529358862, 2152.4729119616777
55.94274859683484, -3.186901278836371, NW, 55.94274859683484, -3.186901278836371, 2123.4123529358862, 2151.2229119616777
55.942960728869195, -3.187113410870727, NW, 55.942960728869195, -3.187113410870727, 2123.4123529358862, 2149.9729119616777
55.94317286090355, -3.1873255429050826, N, 55.94317286090355, -3.1873255429050826, 2123.4123529358862, 2148.7229119616777
55.943472860903555, -3.1873255429050826, SSE, 55.943472860903555, -3.1873255429050826, 2123.4123529358862, 2147.4729119616777
55.9431956970438, -3.187210737875373, N, 55.9431956970438, -3.187210737875373, 2123.4123529358862, 2146.2229119616777
55.9434956970438, -3.187210737875373, WNW, 55.9434956970438, -3.187210737875373, 2123.4123529358862, 2144.9729119616777
55.94361050207351, -3.1874879017351265, WSW, 55.94361050207351, -3.1874879017351265, 2123.4123529358862, 2143.7229119616777
55.9434956970438, -3.18776506559488, WNW, 55.9434956970438, -3.18776506559488, 2123.4123529358862, 2142.4729119616777
55.94361050207351, -3.1880422294546333, WSW, 55.94361050207351, -3.1880422294546333, 2123.4123529358862, 2141.2229119616777
55.9434956970438, -3.1883193933143867, NE, 55.9434956970438, -3.1883193933143867, 2123.4123529358862, 2139.9729119616777
55.94370782907816, -3.188107261280031, NW, 55.94370782907816, -3.188107261280031, 2123.4123529358862, 2138.7229119616777
55.94391996111251, -3.1883193933143867, NW, 55.94391996111251, -3.1883193933143867, 2123.4123529358862, 2137.4729119616777
55.94413209314687, -3.1885315253487425, WSW, 55.94413209314687, -3.1885315253487425, 2123.4123529358862, 2136.2229119616777
55.94401728811716, -3.188808689208496, SE, 55.94401728811716, -3.188808689208496, 2123.4123529358862, 2134.9729119616777
55.9438051560828, -3.18859655717414, NW, 55.9438051560828, -3.18859655717414, 2123.4123529358862, 2133.7229119616777
55.94401728811716, -3.188808689208496, SSE, 55.94401728811716, -3.188808689208496, 2123.4123529358862, 2132.4729119616777
55.9437401242574, -3.1886938841787864, SSE, 55.9437401242574, -3.1886938841787864, 2123.4123529358862, 2131.2229119616777
55.943462960397646, -3.188579079149077, WNW, 55.943462960397646, -3.188579079149077, 2123.4123529358862, 2129.9729119616777
55.94357776542736, -3.1888562430088303, ESE, 55.94357776542736, -3.1888562430088303, 2123.4123529358862, 2128.7229119616777
55.943462960397646, -3.188579079149077, N, 55.943462960397646, -3.188579079149077, 2123.4123529358862, 2127.4729119616777
55.94376296039765, -3.188579079149077, WSW, 55.94376296039765, -3.188579079149077, 2123.4123529358862, 2126.2229119616777
55.94364815536794, -3.1888562430088303, ESE, 55.94364815536794, -3.1888562430088303, 2123.4123529358862, 2124.9729119616777
55.94353335033823, -3.188579079149077, W, 55.94353335033823, -3.188579079149077, 2123.4123529358862, 2123.7229119616777
55.94353335033823, -3.188879079149077, W, 55.94353335033823, -3.188879079149077, 2123.4123529358862, 2122.4729119616777
55.94353335033823, -3.1891790791490773, SSW, 55.94353335033823, -3.1891790791490773, 2123.4123529358862, 2121.2229119616777
55.94325618647847, -3.189293884178787, NNW, 55.94325618647847, -3.189293884178787, 2123.4123529358862, 2119.9729119616777
55.94353335033823, -3.1894086892084963, ENE, 55.94353335033823, -3.1894086892084963, 2123.4123529358862, 2118.7229119616777
55.94364815536794, -3.189131525348743, NNE, 55.94364815536794, -3.189131525348743, 2123.4123529358862, 2117.4729119616777
55.943925319227695, -3.1890167203190334, S, 55.943925319227695, -3.1890167203190334, 2123.4123529358862, 2116.2229119616777
55.94362531922769, -3.1890167203190334, E, 55.94362531922769, -3.1890167203190334, 2123.4123529358862, 2114.9729119616777
55.94362531922769, -3.188716720319033, SE, 55.94362531922769, -3.188716720319033, 2123.4123529358862, 2113.7229119616777
55.943413187193336, -3.1885045882846774, N, 55.943413187193336, -3.1885045882846774, 2123.4123529358862, 2112.4729119616777
55.94371318719334, -3.1885045882846774, W, 55.94371318719334, -3.1885045882846774, 2123.4123529358862, 2111.2229119616777
55.94371318719334, -3.1888045882846776, NE, 55.94371318719334, -3.1888045882846776, 2123.4123529358862, 2109.9729119616777
55.943925319227695, -3.188592456250322, NNE, 55.943925319227695, -3.188592456250322, 2123.4123529358862, 2108.7229119616777
55.94420248308745, -3.1884776512206123, NNW, 55.94420248308745, -3.1884776512206123, 2123.4123529358862, 2107.4729119616777
55.94447964694721, -3.188592456250322, NNE, 55.94447964694721, -3.188592456250322, 2123.4123529358862, 2106.2229119616777
55.944756810806965, -3.1884776512206123, N, 55.944756810806965, -3.1884776512206123, 2123.4123529358862, 2104.9729119616777
55.94505681080697, -3.1884776512206123, SW, 55.94505681080697, -3.1884776512206123, 2123.4123529358862, 2103.7229119616777
55.94484467877261, -3.188689783254968, S, 55.94484467877261, -3.188689783254968, 2123.4123529358862, 2102.4729119616777
55.94454467877261, -3.188689783254968, SSE, 55.94454467877261, -3.188689783254968, 2123.4123529358862, 2101.2229119616777
55.94426751491285, -3.1885749782252586, SSE, 55.94426751491285, -3.1885749782252586, 2123.4123529358862, 2099.9729119616777
55.943990351053095, -3.188460173195549, S, 55.943990351053095, -3.188460173195549, 2123.4123529358862, 2098.7229119616777
55.94369035105309, -3.188460173195549, NNE, 55.94369035105309, -3.188460173195549, 2123.4123529358862, 2097.4729119616777
55.94396751491285, -3.1883453681658396, N, 55.94396751491285, -3.1883453681658396, 2123.4123529358862, 2096.2229119616777
55.94426751491285, -3.1883453681658396, W, 55.94426751491285, -3.1883453681658396, 2123.4123529358862, 2094.9729119616777
55.94426751491285, -3.1886453681658398, S, 55.94426751491285, -3.1886453681658398, 2123.4123529358862, 2093.7229119616777
55.94396751491285, -3.1886453681658398, WNW, 55.94396751491285, -3.1886453681658398, 2123.4123529358862, 2092.4729119616777
55.94408231994256, -3.188922532025593, NE, 55.94408231994256, -3.188922532025593, 2123.4123529358862, 2091.2229119616777
55.944294451976916, -3.1887103999912374, SSE, 55.944294451976916, -3.1887103999912374, 2123.4123529358862, 2089.9729119616777
55.94401728811716, -3.188595594961528, E, 55.94401728811716, -3.188595594961528, 2123.4123529358862, 2088.7229119616777
55.94401728811716, -3.1882955949615277, WSW, 55.94401728811716, -3.1882955949615277, 2123.4123529358862, 2087.4729119616777
55.94390248308745, -3.188572758821281, WSW, 55.94390248308745, -3.188572758821281, 2123.4123529358862, 2086.2229119616777
55.94378767805774, -3.1888499226810345, SE, 55.94378767805774, -3.1888499226810345, 2123.4123529358862, 2084.9729119616777
55.94357554602338, -3.1886377906466787, ESE, 55.94357554602338, -3.1886377906466787, 2123.4123529358862, 2083.7229119616777
55.94346074099367, -3.1883606267869253, WNW, 55.94346074099367, -3.1883606267869253, 2123.4123529358862, 2082.4729119616777
55.94357554602338, -3.1886377906466787, NNE, 55.94357554602338, -3.1886377906466787, 2123.4123529358862, 2081.2229119616777
55.94385270988314, -3.1885229856169692, W, 55.94385270988314, -3.1885229856169692, 2123.4123529358862, 2079.9729119616777
55.94385270988314, -3.1888229856169694, SSE, 55.94385270988314, -3.1888229856169694, 2123.4123529358862, 2078.7229119616777
55.94357554602338, -3.18870818058726, WNW, 55.94357554602338, -3.18870818058726, 2123.4123529358862, 2077.4729119616777
55.94369035105309, -3.1889853444470133, SW, 55.94369035105309, -3.1889853444470133, 2123.4123529358862, 2076.2229119616777
55.943478219018736, -3.189197476481369, N, 55.943478219018736, -3.189197476481369, 2123.4123529358862, 2074.9729119616777
55.94377821901874, -3.189197476481369, NNE, 55.94377821901874, -3.189197476481369, 2123.4123529358862, 2073.7229119616777
55.944055382878496, -3.1890826714516596, NNW, 55.944055382878496, -3.1890826714516596, 2123.4123529358862, 2072.4729119616777
55.94433254673825, -3.189197476481369, NW, 55.94433254673825, -3.189197476481369, 2123.4123529358862, 2071.2229119616777
55.94454467877261, -3.189409608515725, SE, 55.94454467877261, -3.189409608515725, 2123.4123529358862, 2069.9729119616777
55.94433254673825, -3.189197476481369, S, 55.94433254673825, -3.189197476481369, 2123.4123529358862, 2068.7229119616777
55.94403254673825, -3.189197476481369, WSW, 55.94403254673825, -3.189197476481369, 2123.4123529358862, 2067.4729119616777
55.94391774170854, -3.1894746403411225, SW, 55.94391774170854, -3.1894746403411225, 2123.4123529358862, 2066.2229119616777
55.94370560967418, -3.1896867723754783, S, 55.94370560967418, -3.1896867723754783, 2123.4123529358862, 2064.9729119616777
55.94340560967418, -3.1896867723754783, WSW, 55.94340560967418, -3.1896867723754783, 2123.4123529358862, 2063.7229119616777
55.94329080464447, -3.1899639362352317, ENE, 55.94329080464447, -3.1899639362352317, 2123.4123529358862, 2062.4729119616777
55.94340560967418, -3.1896867723754783, N, 55.94340560967418, -3.1896867723754783, 2123.4123529358862, 2061.2229119616777
55.94370560967418, -3.1896867723754783, NE, 55.94370560967418, -3.1896867723754783, 2123.4123529358862, 2059.9729119616777
55.94391774170854, -3.1894746403411225, SSW, 55.94391774170854, -3.1894746403411225, 2123.4123529358862, 2058.7229119616777
55.94364057784878, -3.189589445370832, S, 55.94364057784878, -3.189589445370832, 2123.4123529358862, 2057.4729119616777
55.94334057784878, -3.189589445370832, ENE, 55.94334057784878, -3.189589445370832, 2123.4123529358862, 2056.2229119616777
55.94345538287849, -3.1893122815110786, NW, 55.94345538287849, -3.1893122815110786, 2123.4123529358862, 2054.9729119616777
55.943667514912846, -3.1895244135454344, ESE, 55.943667514912846, -3.1895244135454344, 2123.4123529358862, 2053.7229119616777
55.943552709883136, -3.189247249685681, NW, 55.943552709883136, -3.189247249685681, 2123.4123529358862, 2052.4729119616777
55.94376484191749, -3.1894593817200367, ENE, 55.94376484191749, -3.1894593817200367, 2123.4123529358862, 2051.2229119616777
55.9438796469472, -3.1891822178602833, ENE, 55.9438796469472, -3.1891822178602833, 2123.4123529358862, 2049.9729119616777