55.944425, -3.188396, SSE, 55.944425, -3.188396, 73.369385, 326.07883
55.944147836140246, -3.1882811949702905, SE, 55.944147836140246, -3.1882811949702905, 73.369385, 324.82883
55.94393570410589, -3.1880690629359347, ENE, 55.94393570410589, -3.1880690629359347, 73.369385, 323.57883
55.9440505091356, -3.1877918990761813, E, 55.9440505091356, -3.1877918990761813, 73.369385, 322.32883
55.9440505091356, -3.187491899076181, ENE, 55.9440505091356, -3.187491899076181, 73.369385, 321.07883
55.94416531416531, -3.1872147352164277, E, 55.94416531416531, -3.1872147352164277, 183.97836, 391.24036
55.94416531416531, -3.1869147352164275, N, 55.94416531416531, -3.1869147352164275, 183.97836, 389.99036
55.94446531416531, -3.1869147352164275, NE, 55.94446531416531, -3.1869147352164275, 183.97836, 388.74036
55.94467744619967, -3.1867026031820718, ENE, 55.94467744619967, -3.1867026031820718, 183.97836, 387.49036
55.94479225122938, -3.1864254393223184, NE, 55.94479225122938, -3.1864254393223184, 183.97836, 386.24036
55.945004383263736, -3.1862133072879626, ENE, 55.945004383263736, -3.1862133072879626, 290.29776, 402.11682
55.94511918829345, -3.185936143428209, N, 55.94511918829345, -3.185936143428209, 404.1852, 435.7206
55.94541918829345, -3.185936143428209, SSE, 55.94541918829345, -3.185936143428209, 404.1852, 434.4706
55.94514202443369, -3.1858213383984997, SW, 55.94514202443369, -3.1858213383984997, 419.90402, 526.51263
55.94492989239934, -3.1860334704328555, SSE, 55.94492989239934, -3.1860334704328555, 419.90402, 525.26263
55.94465272853958, -3.185918665403146, SSE, 55.94465272853958, -3.185918665403146, 419.90402, 524.01263
55.944375564679824, -3.1858038603734364, SSE, 55.944375564679824, -3.1858038603734364, 419.90402, 522.76263
55.94409840082007, -3.185689055343727, SSE, 55.94409840082007, -3.185689055343727, 497.1191, 530.66833
55.94382123696031, -3.1855742503140174, E, 55.94382123696031, -3.1855742503140174, 497.1191, 529.41833
55.94382123696031, -3.1852742503140172, E, 55.94382123696031, -3.1852742503140172, 497.1191, 528.16833
55.94382123696031, -3.184974250314017, ENE, 55.94382123696031, -3.184974250314017, 582.9949, 602.93304
55.94393604199002, -3.1846970864542636, N, 55.94393604199002, -3.1846970864542636, 582.9949, 601.68304
55.944236041990024, -3.1846970864542636, N, 55.944236041990024, -3.1846970864542636, 582.9949, 600.43304
55.94453604199003, -3.1846970864542636, N, 55.94453604199003, -3.1846970864542636, 615.7877, 686.293
55.94483604199003, -3.1846970864542636, NNE, 55.94483604199003, -3.1846970864542636, 615.7877, 685.043
55.945113205849786, -3.184582281424554, NNE, 55.945113205849786, -3.184582281424554, 615.7877, 683.793
55.94539036970954, -3.1844674763948446, N, 55.94539036970954, -3.1844674763948446, 685.2462, 798.62744
55.945690369709546, -3.1844674763948446, W, 55.945690369709546, -3.1844674763948446, 685.2462, 797.37744
55.945690369709546, -3.184767476394845, W, 55.945690369709546, -3.184767476394845, 685.2462, 796.12744
55.945690369709546, -3.185067476394845, WSW, 55.945690369709546, -3.185067476394845, 685.2462, 794.87744
55.945575564679835, -3.1853446402545984, WSW, 55.945575564679835, -3.1853446402545984, 685.2462, 793.62744
55.945460759650125, -3.185621804114352, WSW, 55.945460759650125, -3.185621804114352, 685.2462, 792.37744
55.945345954620414, -3.185898967974105, WSW, 55.945345954620414, -3.185898967974105, 685.2462, 791.12744
55.945231149590704, -3.1861761318338586, WSW, 55.945231149590704, -3.1861761318338586, 685.2462, 789.87744
55.945116344560994, -3.186453295693612, W, 55.945116344560994, -3.186453295693612, 685.2462, 788.62744
55.945116344560994, -3.186753295693612, SSW, 55.945116344560994, -3.186753295693612, 685.2462, 787.37744
55.94483918070124, -3.1868681007233217, NW, 55.94483918070124, -3.1868681007233217, 734.51715, 799.2022
55.94505131273559, -3.1870802327576775, WNW, 55.94505131273559, -3.1870802327576775, 734.51715, 797.9522
55.945166117765304, -3.187357396617431, WNW, 55.945166117765304, -3.187357396617431, 734.51715, 796.7022
55.945280922795014, -3.1876345604771843, WNW, 55.945280922795014, -3.1876345604771843, 734.51715, 795.4522
55.945395727824724, -3.1879117243369377, WNW, 55.945395727824724, -3.1879117243369377, 734.51715, 794.2022
55.945510532854435, -3.188188888196691, WNW, 55.945510532854435, -3.188188888196691, 734.51715, 792.9522
55.945625337884145, -3.1884660520564445, W, 55.945625337884145, -3.1884660520564445, 756.41034, 892.6911
55.945625337884145, -3.1887660520564447, WNW, 55.945625337884145, -3.1887660520564447, 837.04083, 1007.2876
55.945740142913856, -3.189043215916198, WSW, 55.945740142913856, -3.189043215916198, 837.04083, 1006.0376
55.945625337884145, -3.1893203797759515, WSW, 55.945625337884145, -3.1893203797759515, 837.04083, 1004.7876
55.945510532854435, -3.189597543635705, WSW, 55.945510532854435, -3.189597543635705, 837.04083, 1003.5376
55.945395727824724, -3.1898747074954583, WSW, 55.945395727824724, -3.1898747074954583, 952.81323, 1088.3448
55.945280922795014, -3.1901518713552117, SE, 55.945280922795014, -3.1901518713552117, 952.81323, 1087.0948
55.94506879076066, -3.189939739320856, SSE, 55.94506879076066, -3.189939739320856, 1048.8953, 1120.4299
55.9447916269009, -3.1898249342911464, WSW, 55.9447916269009, -3.1898249342911464, 1059.6727, 1180.9221
55.94467682187119, -3.1901020981509, W, 55.94467682187119, -3.1901020981509, 1120.4705, 1216.1902
55.94467682187119, -3.1904020981509, W, 55.94467682187119, -3.1904020981509, 1120.4705, 1214.9402
55.94467682187119, -3.1907020981509002, WSW, 55.94467682187119, -3.1907020981509002, 1120.4705, 1213.6902
55.94456201684148, -3.1909792620106536, W, 55.94456201684148, -3.1909792620106536, 1120.4705, 1212.4402
55.94456201684148, -3.191279262010654, WSW, 55.94456201684148, -3.191279262010654, 1212.5653, 1216.2854
55.94444721181177, -3.191556425870407, NW, 55.94444721181177, -3.191556425870407, 1301.724, 1317.8262
55.944659343846126, -3.191768557904763, NW, 55.944659343846126, -3.191768557904763, 1301.724, 1316.5762
55.94487147588048, -3.1919806899391188, NW, 55.94487147588048, -3.1919806899391188, 1301.724, 1315.3262
55.94508360791484, -3.1921928219734745, NW, 55.94508360791484, -3.1921928219734745, 1387.1501, 1352.09
55.945295739949195, -3.1924049540078303, E, 55.945295739949195, -3.1924049540078303, 1387.1501, 1350.84
55.945295739949195, -3.19210495400783, E, 55.945295739949195, -3.19210495400783, 1387.1501, 1349.59
55.945295739949195, -3.19180495400783, E, 55.945295739949195, -3.19180495400783, 1387.1501, 1348.34
55.945295739949195, -3.1915049540078297, E, 55.945295739949195, -3.1915049540078297, 1451.0801, 1464.9696
55.945295739949195, -3.1912049540078296, S, 55.945295739949195, -3.1912049540078296, 1451.0801, 1463.7196
55.94499573994919, -3.1912049540078296, S, 55.94499573994919, -3.1912049540078296, 1451.0801, 1462.4696
55.94469573994919, -3.1912049540078296, S, 55.94469573994919, -3.1912049540078296, 1451.0801, 1461.2196
55.94439573994919, -3.1912049540078296, S, 55.94439573994919, -3.1912049540078296, 1451.0801, 1459.9696
55.944095739949184, -3.1912049540078296, S, 55.944095739949184, -3.1912049540078296, 1512.7776, 1480.0841
55.94379573994918, -3.1912049540078296, WNW, 55.94379573994918, -3.1912049540078296, 1557.0917, 1484.4478
55.94391054497889, -3.191482117867583, SSE, 55.94391054497889, -3.191482117867583, 1557.0917, 1483.1978
55.943633381119135, -3.1913673128378734, SSW, 55.943633381119135, -3.1913673128378734, 1557.0917, 1481.9478
55.94335621725938, -3.191482117867583, SSE, 55.94335621725938, -3.191482117867583, 1557.0917, 1480.6978
55.94307905339962, -3.1913673128378734, SE, 55.94307905339962, -3.1913673128378734, 1634.7471, 1562.9397
55.942866921365265, -3.1911551808035177, E, 55.942866921365265, -3.1911551808035177, 1634.7471, 1561.6897
55.942866921365265, -3.1908551808035175, ESE, 55.942866921365265, -3.1908551808035175, 1634.7471, 1560.4397
55.942752116335555, -3.190578016943764, E, 55.942752116335555, -3.190578016943764, 1634.7471, 1559.1897
55.942752116335555, -3.190278016943764, ESE, 55.942752116335555, -3.190278016943764, 1684.1855, 1627.7725
55.942637311305845, -3.1900008530840105, NE, 55.942637311305845, -3.1900008530840105, 1684.1855, 1626.5225
55.9428494433402, -3.1897887210496547, NE, 55.9428494433402, -3.1897887210496547, 1684.1855, 1625.2725
55.94306157537456, -3.189576589015299, NE, 55.94306157537456, -3.189576589015299, 1684.1855, 1624.0225
55.94327370740891, -3.189364456980943, ENE, 55.94327370740891, -3.189364456980943, 1740.8241, 1706.4344
55.943388512438624, -3.1890872931211898, WNW, 55.943388512438624, -3.1890872931211898, 1740.8241, 1705.1844
55.943503317468334, -3.189364456980943, WNW, 55.943503317468334, -3.189364456980943, 1740.8241, 1703.9344
55.943618122498044, -3.1896416208406966, WNW, 55.943618122498044, -3.1896416208406966, 1740.8241, 1702.6844
55.943732927527755, -3.18991878470045, WNW, 55.943732927527755, -3.18991878470045, 1740.8241, 1701.4344
55.943847732557465, -3.1901959485602034, WNW, 55.943847732557465, -3.1901959485602034, 1763.1182, 1711.243
55.943962537587176, -3.190473112419957, W, 55.943962537587176, -3.190473112419957, 1763.1182, 1709.993
55.943962537587176, -3.190773112419957, W, 55.943962537587176, -3.190773112419957, 1763.1182, 1708.743
55.943962537587176, -3.191073112419957, W, 55.943962537587176, -3.191073112419957, 1763.1182, 1707.493
55.943962537587176, -3.1913731124199574, WNW, 55.943962537587176, -3.1913731124199574, 1778.7733, 1747.0065
55.944077342616886, -3.1916502762797108, E, 55.944077342616886, -3.1916502762797108, 1778.7733, 1745.7565
55.944077342616886, -3.1913502762797106, E, 55.944077342616886, -3.1913502762797106, 1778.7733, 1744.5065
55.944077342616886, -3.1910502762797104, E, 55.944077342616886, -3.1910502762797104, 1778.7733, 1743.2565
55.944077342616886, -3.19075027627971, E, 55.944077342616886, -3.19075027627971, 1778.7733, 1742.0065
55.944077342616886, -3.19045027627971, E, 55.944077342616886, -3.19045027627971, 1778.7733, 1740.7565
55.944077342616886, -3.19015027627971, E, 55.944077342616886, -3.19015027627971, 1778.7733, 1739.5065
55.944077342616886, -3.1898502762797096, E, 55.944077342616886, -3.1898502762797096, 1778.7733, 1738.2565
55.944077342616886, -3.1895502762797094, E, 55.944077342616886, -3.1895502762797094, 1778.7733, 1737.0065
55.944077342616886, -3.1892502762797093, E, 55.944077342616886, -3.1892502762797093, 1778.7733, 1735.7565
55.944077342616886, -3.188950276279709, E, 55.944077342616886, -3.188950276279709, 1778.7733, 1734.5065
55.944077342616886, -3.188650276279709, E, 55.944077342616886, -3.188650276279709, 1778.7733, 1733.2565
55.944077342616886, -3.1883502762797087, ESE, 55.944077342616886, -3.1883502762797087, 1778.7733, 1732.0065
55.943962537587176, -3.1880731124199553, E, 55.943962537587176, -3.1880731124199553, 1778.7733, 1730.7565
55.943962537587176, -3.187773112419955, E, 55.943962537587176, -3.187773112419955, 1778.7733, 1729.5065
55.943962537587176, -3.187473112419955, E, 55.943962537587176, -3.187473112419955, 1778.7733, 1728.2565
55.943962537587176, -3.1871731124199547, E, 55.943962537587176, -3.1871731124199547, 1778.7733, 1727.0065
55.943962537587176, -3.1868731124199545, ESE, 55.943962537587176, -3.1868731124199545, 1810.435, 1805.3279
55.943847732557465, -3.186595948560201, SE, 55.943847732557465, -3.186595948560201, 1810.435, 1804.0779
55.94363560052311, -3.1863838165258453, SE, 55.94363560052311, -3.1863838165258453, 1810.435, 1802.8279
55.94342346848875, -3.1861716844914896, SE, 55.94342346848875, -3.1861716844914896, 1810.435, 1801.5779
55.9432113364544, -3.185959552457134, SE, 55.9432113364544, -3.185959552457134, 1845.5747, 1860.6692
55.94299920442004, -3.185747420422778, WSW, 55.94299920442004, -3.185747420422778, 1845.5747, 1859.4192
55.94288439939033, -3.1860245842825314, WSW, 55.94288439939033, -3.1860245842825314, 1845.5747, 1858.1692
55.94276959436062, -3.186301748142285, NW, 55.94276959436062, -3.186301748142285, 1845.5747, 1856.9192
55.942981726394976, -3.1865138801766406, W, 55.942981726394976, -3.1865138801766406, 1845.5747, 1855.6692
55.942981726394976, -3.186813880176641, SSW, 55.942981726394976, -3.186813880176641, 1869.6013, 1971.5159
55.94270456253522, -3.1869286852063503, NNW, 55.94270456253522, -3.1869286852063503, 1869.6013, 1970.2659
55.942981726394976, -3.18704349023606, NNW, 55.942981726394976, -3.18704349023606, 1869.6013, 1969.0159
55.94325889025473, -3.1871582952657693, NW, 55.94325889025473, -3.1871582952657693, 1869.6013, 1967.7659
55.94347102228909, -3.187370427300125, N, 55.94347102228909, -3.187370427300125, 1869.6013, 1966.5159
55.94377102228909, -3.187370427300125, N, 55.94377102228909, -3.187370427300125, 1869.6013, 1965.2659
55.944071022289094, -3.187370427300125, N, 55.944071022289094, -3.187370427300125, 1869.6013, 1964.0159
55.9443710222891, -3.187370427300125, N, 55.9443710222891, -3.187370427300125, 1869.6013, 1962.7659
55.9446710222891, -3.187370427300125, NNW, 55.9446710222891, -3.187370427300125, 1869.6013, 1961.5159
55.94494818614886, -3.1874852323298346, N, 55.94494818614886, -3.1874852323298346, 1869.6013, 1960.2659
55.94524818614886, -3.1874852323298346, NNW, 55.94524818614886, -3.1874852323298346, 1880.4353, 2041.585
55.945525350008616, -3.187600037359544, WSW, 55.945525350008616, -3.187600037359544, 1880.4353, 2040.335
55.945410544978905, -3.1878772012192975, WNW, 55.945410544978905, -3.1878772012192975, 1880.4353, 2039.085
55.945525350008616, -3.188154365079051, ENE, 55.945525350008616, -3.188154365079051, 1880.4353, 2037.835
55.945640155038326, -3.1878772012192975, SSW, 55.945640155038326, -3.1878772012192975, 1880.4353, 2036.585
55.94536299117857, -3.187992006249007, SW, 55.94536299117857, -3.187992006249007, 1880.4353, 2035.335
55.94515085914421, -3.188204138283363, E, 55.94515085914421, -3.188204138283363, 1880.4353, 2034.085
55.94515085914421, -3.1879041382833626, S, 55.94515085914421, -3.1879041382833626, 1880.4353, 2032.835
55.94485085914421, -3.1879041382833626, NNE, 55.94485085914421, -3.1879041382833626, 1880.4353, 2031.585
55.94512802300397, -3.187789333253653, SSW, 55.94512802300397, -3.187789333253653, 1880.4353, 2030.335
55.94485085914421, -3.1879041382833626, W, 55.94485085914421, -3.1879041382833626, 1880.4353, 2029.085
55.94485085914421, -3.188204138283363, NNE, 55.94485085914421, -3.188204138283363, 1880.4353, 2027.835
55.94512802300397, -3.1880893332536533, E, 55.94512802300397, -3.1880893332536533, 1880.4353, 2026.585
55.94512802300397, -3.187789333253653, SE, 55.94512802300397, -3.187789333253653, 1880.4353, 2025.335
55.94491589096961, -3.1875772012192973, SSW, 55.94491589096961, -3.1875772012192973, 1880.4353, 2024.085
55.944638727109854, -3.187692006249007, NNW, 55.944638727109854, -3.187692006249007, 1880.4353, 2022.835
55.94491589096961, -3.1878068112787163, NNW, 55.94491589096961, -3.1878068112787163, 1880.4353, 2021.585
55.94519305482937, -3.187921616308426, NW, 55.94519305482937, -3.187921616308426, 1880.4353, 2020.335
55.945405186863724, -3.1881337483427816, N, 55.945405186863724, -3.1881337483427816, 1880.4353, 2019.085
55.94570518686373, -3.1881337483427816, NNW, 55.94570518686373, -3.1881337483427816, 1880.4353, 2017.835
55.94598235072348, -3.188248553372491, WNW, 55.94598235072348, -3.188248553372491, 1880.4353, 2016.585
55.94609715575319, -3.1885257172322445, WNW, 55.94609715575319, -3.1885257172322445, 1880.4353, 2015.335
55.946211960782904, -3.188802881091998, E, 55.946211960782904, -3.188802881091998, 1880.4353, 2014.085
55.946211960782904, -3.1885028810919978, SE, 55.946211960782904, -3.1885028810919978, 1880.4353, 2012.835
55.94599982874855, -3.188290749057642, SW, 55.94599982874855, -3.188290749057642, 1880.4353, 2011.585
55.94578769671419, -3.1885028810919978, NE, 55.94578769671419, -3.1885028810919978, 1880.4353, 2010.335
55.94599982874855, -3.188290749057642, S, 55.94599982874855, -3.188290749057642, 1880.4353, 2009.085
55.945699828748545, -3.188290749057642, N, 55.945699828748545, -3.188290749057642, 1880.4353, 2007.835
55.94599982874855, -3.188290749057642, WNW, 55.94599982874855, -3.188290749057642, 1880.4353, 2006.585
55.94611463377826, -3.1885679129173954, SE, 55.94611463377826, -3.1885679129173954, 1880.4353, 2005.335
55.9459025017439, -3.1883557808830396, N, 55.9459025017439, -3.1883557808830396, 1880.4353, 2004.085
55.946202501743905, -3.1883557808830396, SE, 55.946202501743905, -3.1883557808830396, 1880.4353, 2002.835
55.94599036970955, -3.188143648848684, SW, 55.94599036970955, -3.188143648848684, 1880.4353, 2001.585
55.94577823767519, -3.1883557808830396, NNE, 55.94577823767519, -3.1883557808830396, 1880.4353, 2000.335
55.94605540153495, -3.18824097585333, WNW, 55.94605540153495, -3.18824097585333, 1880.4353, 1999.085
55.94617020656466, -3.1885181397130835, SSW, 55.94617020656466, -3.1885181397130835, 1880.4353, 1997.835
55.9458930427049, -3.188632944742793, E, 55.9458930427049, -3.188632944742793, 1880.4353, 1996.585
55.9458930427049, -3.188332944742793, SE, 55.9458930427049, -3.188332944742793, 1880.4353, 1995.335
55.945680910670546, -3.188120812708437, N, 55.945680910670546, -3.188120812708437, 1880.4353, 1994.085
55.94598091067055, -3.188120812708437, SSE, 55.94598091067055, -3.188120812708437, 1880.4353, 1992.835
55.94570374681079, -3.1880060076787275, NNW, 55.94570374681079, -3.1880060076787275, 1880.4353, 1991.585
55.94598091067055, -3.188120812708437, SSE, 55.94598091067055, -3.188120812708437, 1880.4353, 1990.335
55.94570374681079, -3.1880060076787275, WSW, 55.94570374681079, -3.1880060076787275, 1880.4353, 1989.085
55.94558894178108, -3.188283171538481, SSE, 55.94558894178108, -3.188283171538481, 1880.4353, 1987.835
55.945311777921326, -3.1881683665087714, WNW, 55.945311777921326, -3.1881683665087714, 1880.4353, 1986.585
55.945426582951036, -3.188445530368525, WSW, 55.945426582951036, -3.188445530368525, 1880.4353, 1985.335
55.945311777921326, -3.1887226942282783, NW, 55.945311777921326, -3.1887226942282783, 1880.4353, 1984.085
55.94552390995568, -3.188934826262634, WSW, 55.94552390995568, -3.188934826262634, 1880.4353, 1982.835
55.94540910492597, -3.1892119901223874, SSW, 55.94540910492597, -3.1892119901223874, 1880.4353, 1981.585
55.945131941066215, -3.189326795152097, WNW, 55.945131941066215, -3.189326795152097, 1880.4353, 1980.335
55.945246746095926, -3.1896039590118503, N, 55.945246746095926, -3.1896039590118503, 1880.4353, 1979.085
55.94554674609593, -3.1896039590118503, WNW, 55.94554674609593, -3.1896039590118503, 1880.4353, 1977.835
55.94566155112564, -3.1898811228716037, WSW, 55.94566155112564, -3.1898811228716037, 1880.4353, 1976.585
55.94554674609593, -3.190158286731357, SW, 55.94554674609593, -3.190158286731357, 1880.4353, 1975.335
55.94533461406157, -3.190370418765713, WSW, 55.94533461406157, -3.190370418765713, 1880.4353, 1974.085
55.94521980903186, -3.1906475826254663, NW, 55.94521980903186, -3.1906475826254663, 1880.4353, 1972.835
55.94543194106622, -3.190859714659822, NNW, 55.94543194106622, -3.190859714659822, 1880.4353, 1971.585
55.945709104925974, -3.1909745196895316, NE, 55.945709104925974, -3.1909745196895316, 1880.4353, 1970.335
55.94592123696033, -3.190762387655176, WNW, 55.94592123696033, -3.190762387655176, 1880.4353, 1969.085
55.94603604199004, -3.1910395515149292, E, 55.94603604199004, -3.1910395515149292, 1880.4353, 1967.835
55.94603604199004, -3.190739551514929, W, 55.94603604199004, -3.190739551514929, 1880.4353, 1966.585
55.94603604199004, -3.1910395515149292, SE, 55.94603604199004, -3.1910395515149292, 1880.4353, 1965.335
55.945823909955685, -3.1908274194805735, E, 55.945823909955685, -3.1908274194805735, 1880.4353, 1964.085
55.945823909955685, -3.1905274194805733, NNE, 55.945823909955685, -3.1905274194805733, 1880.4353, 1962.835
55.94610107381544, -3.1904126144508638, WNW, 55.94610107381544, -3.1904126144508638, 1880.4353, 1961.585
55.94621587884515, -3.190689778310617, SSE, 55.94621587884515, -3.190689778310617, 1880.4353, 1960.335
55.945938714985395, -3.1905749732809077, SSE, 55.945938714985395, -3.1905749732809077, 1880.4353, 1959.085
55.94566155112564, -3.190460168251198, WNW, 55.94566155112564, -3.190460168251198, 1880.4353, 1957.835
55.94577635615535, -3.1907373321109516, NW, 55.94577635615535, -3.1907373321109516, 1880.4353, 1956.585
55.945988488189705, -3.1909494641453073, ENE, 55.945988488189705, -3.1909494641453073, 1880.4353, 1955.335
55.946103293219416, -3.190672300285554, ENE, 55.946103293219416, -3.190672300285554, 1880.4353, 1954.085
55.946218098249126, -3.1903951364258005, SSW, 55.946218098249126, -3.1903951364258005, 1880.4353, 1952.835
55.94594093438937, -3.19050994145551, S, 55.94594093438937, -3.19050994145551, 1880.4353, 1951.585
55.94564093438937, -3.19050994145551, SSW, 55.94564093438937, -3.19050994145551, 1880.4353, 1950.335
55.94536377052961, -3.1906247464852195, WSW, 55.94536377052961, -3.1906247464852195, 1880.4353, 1949.085
55.9452489654999, -3.190901910344973, ESE, 55.9452489654999, -3.190901910344973, 1880.4353, 1947.835
55.94513416047019, -3.1906247464852195, WNW, 55.94513416047019, -3.1906247464852195, 1880.4353, 1946.585
55.9452489654999, -3.190901910344973, ESE, 55.9452489654999, -3.190901910344973, 1880.4353, 1945.335
55.94513416047019, -3.1906247464852195, SSW, 55.94513416047019, -3.1906247464852195, 1880.4353, 1944.085
55.94485699661043, -3.190739551514929, WNW, 55.94485699661043, -3.190739551514929, 1880.4353, 1942.835
55.94497180164014, -3.1910167153746825, NW, 55.94497180164014, -3.1910167153746825, 1880.4353, 1941.585
55.9451839336745, -3.1912288474090382, NNW, 55.9451839336745, -3.1912288474090382, 1880.4353, 1940.335
55.945461097534256, -3.1913436524387477, WSW, 55.945461097534256, -3.1913436524387477, 1880.4353, 1939.085
55.945346292504546, -3.191620816298501, SSE, 55.945346292504546, -3.191620816298501, 1880.4353, 1937.835
55.94506912864479, -3.1915060112687916, S, 55.94506912864479, -3.1915060112687916, 1880.4353, 1936.585
55.944769128644786, -3.1915060112687916, SSW, 55.944769128644786, -3.1915060112687916, 1880.4353, 1935.335
55.94449196478503, -3.191620816298501, N, 55.94449196478503, -3.191620816298501, 1880.4353, 1934.085
55.94479196478503, -3.191620816298501, NE, 55.94479196478503, -3.191620816298501, 1880.4353, 1932.835
55.94500409681939, -3.1914086842641454, E, 55.94500409681939, -3.1914086842641454, 1880.4353, 1931.585
55.94500409681939, -3.191108684264145, ENE, 55.94500409681939, -3.191108684264145, 1880.4353, 1930.335
55.9451189018491, -3.1908315204043918, ENE, 55.9451189018491, -3.1908315204043918, 1880.4353, 1929.085
55.94523370687881, -3.1905543565446384, WNW, 55.94523370687881, -3.1905543565446384, 1880.4353, 1927.835
55.94534851190852, -3.1908315204043918, NNE, 55.94534851190852, -3.1908315204043918, 1880.4353, 1926.585
55.94562567576828, -3.1907167153746823, S, 55.94562567576828, -3.1907167153746823, 1880.4353, 1925.335
55.945325675768274, -3.1907167153746823, SE, 55.945325675768274, -3.1907167153746823, 1880.4353, 1924.085
55.94511354373392, -3.1905045833403265, WSW, 55.94511354373392, -3.1905045833403265, 1880.4353, 1922.835
55.94499873870421, -3.19078174720008, E, 55.94499873870421, -3.19078174720008, 1880.4353, 1921.585
55.94499873870421, -3.1904817472000797, W, 55.94499873870421, -3.1904817472000797, 1880.4353, 1920.335
55.94499873870421, -3.19078174720008, NNW, 55.94499873870421, -3.19078174720008, 1880.4353, 1919.085
55.945275902563964, -3.1908965522297894, WSW, 55.945275902563964, -3.1908965522297894, 1880.4353, 1917.835
55.94516109753425, -3.191173716089543, WSW, 55.94516109753425, -3.191173716089543, 1880.4353, 1916.585
55.94504629250454, -3.191450879949296, ENE, 55.94504629250454, -3.191450879949296, 1880.4353, 1915.335
55.94516109753425, -3.191173716089543, N, 55.94516109753425, -3.191173716089543, 1880.4353, 1914.085
55.945461097534256, -3.191173716089543, W, 55.945461097534256, -3.191173716089543, 1880.4353, 1912.835
55.945461097534256, -3.191473716089543, S, 55.945461097534256, -3.191473716089543, 1880.4353, 1911.585
55.94516109753425, -3.191473716089543, NNW, 55.94516109753425, -3.191473716089543, 1880.4353, 1910.335
55.94543826139401, -3.1915885211192525, SSE, 55.94543826139401, -3.1915885211192525, 1880.4353, 1909.085
55.94516109753425, -3.191473716089543, N, 55.94516109753425, -3.191473716089543, 1880.4353, 1907.835
55.945461097534256, -3.191473716089543, NNW, 55.945461097534256, -3.191473716089543, 1880.4353, 1906.585
55.94573826139401, -3.1915885211192525, S, 55.94573826139401, -3.1915885211192525, 1880.4353, 1905.335
55.94543826139401, -3.1915885211192525, SSE, 55.94543826139401, -3.1915885211192525, 1880.4353, 1904.085
55.94516109753425, -3.191473716089543, WNW, 55.94516109753425, -3.191473716089543, 1880.4353, 1902.835
55.945275902563964, -3.1917508799492964, SSE, 55.945275902563964, -3.1917508799492964, 1880.4353, 1901.585
55.94499873870421, -3.191636074919587, W, 55.94499873870421, -3.191636074919587, 1880.4353, 1900.335
55.94499873870421, -3.191936074919587, NW, 55.94499873870421, -3.191936074919587, 1880.4353, 1899.085
55.94521087073856, -3.192148206953943, WSW, 55.94521087073856, -3.192148206953943, 1880.4353, 1897.835
55.94509606570885, -3.1924253708136963, SSE, 55.94509606570885, -3.1924253708136963, 1880.4353, 1896.585
55.9448189018491, -3.1923105657839868, ENE, 55.9448189018491, -3.1923105657839868, 1880.4353, 1895.335
55.94493370687881, -3.1920334019242333, SSE, 55.94493370687881, -3.1920334019242333, 1880.4353, 1894.085
55.94465654301905, -3.191918596894524, NE, 55.94465654301905, -3.191918596894524, 1880.4353, 1892.835
55.94486867505341, -3.191706464860168, NE, 55.94486867505341, -3.191706464860168, 1880.4353, 1891.585
55.94508080708776, -3.1914943328258123, NNW, 55.94508080708776, -3.1914943328258123, 1880.4353, 1890.335
55.94535797094752, -3.191609137855522, W, 55.94535797094752, -3.191609137855522, 1880.4353, 1889.085
55.94535797094752, -3.191909137855522, ESE, 55.94535797094752, -3.191909137855522, 1880.4353, 1887.835