55.944425, -3.188396, NNW, 55.944425, -3.188396, 0.0, 248.75
55.94470216385976, -3.1885108050297095, SE, 55.94470216385976, -3.1885108050297095, 0.0, 247.5
55.9444900318254, -3.1882986729953537, ESE, 55.9444900318254, -3.1882986729953537, 0.0, 246.25
55.94437522679569, -3.1880215091356003, NNE, 55.94437522679569, -3.1880215091356003, 0.0, 245.0
55.94465239065545, -3.187906704105891, SW, 55.94465239065545, -3.187906704105891, 0.0, 243.75
55.94444025862109, -3.1881188361402466, E, 55.94444025862109, -3.1881188361402466, 0.0, 242.5
55.94444025862109, -3.1878188361402464, W, 55.94444025862109, -3.1878188361402464, 0.0, 241.25
55.94444025862109, -3.1881188361402466, WSW, 55.94444025862109, -3.1881188361402466, 0.0, 240.0
55.94432545359138, -3.188396, SE, 55.94432545359138, -3.188396, 73.36938705202775, 316.07883673508763
55.944113321557026, -3.1881838679656442, SW, 55.944113321557026, -3.1881838679656442, 73.36938705202775, 314.82883673508763
55.94390118952267, -3.188396, NNW, 55.94390118952267, -3.188396, 73.36938705202775, 313.57883673508763
55.944178353382426, -3.1885108050297095, NE, 55.944178353382426, -3.1885108050297095, 73.36938705202775, 312.32883673508763
55.94439048541678, -3.1882986729953537, SW, 55.94439048541678, -3.1882986729953537, 73.36938705202775, 311.07883673508763
55.944178353382426, -3.1885108050297095, SE, 55.944178353382426, -3.1885108050297095, 73.36938705202775, 309.82883673508763
55.94396622134807, -3.1882986729953537, S, 55.94396622134807, -3.1882986729953537, 73.36938705202775, 308.57883673508763
55.94366622134807, -3.1882986729953537, SSW, 55.94366622134807, -3.1882986729953537, 73.36938705202775, 307.32883673508763
55.94338905748831, -3.1884134780250633, SSW, 55.94338905748831, -3.1884134780250633, 73.36938705202775, 306.07883673508763
55.943111893628554, -3.1885282830547728, ESE, 55.943111893628554, -3.1885282830547728, 73.36938705202775, 304.82883673508763
55.942997088598844, -3.1882511191950194, SE, 55.942997088598844, -3.1882511191950194, 73.36938705202775, 303.57883673508763
55.94278495656449, -3.1880389871606636, WNW, 55.94278495656449, -3.1880389871606636, 73.36938705202775, 302.32883673508763
55.9428997615942, -3.188316151020417, N, 55.9428997615942, -3.188316151020417, 73.36938705202775, 301.07883673508763
55.9431997615942, -3.188316151020417, NW, 55.9431997615942, -3.188316151020417, 73.36938705202775, 299.82883673508763
55.94341189362856, -3.1885282830547728, SW, 55.94341189362856, -3.1885282830547728, 73.36938705202775, 298.57883673508763
55.9431997615942, -3.1887404150891285, WSW, 55.9431997615942, -3.1887404150891285, 73.36938705202775, 297.32883673508763
55.94308495656449, -3.189017578948882, WNW, 55.94308495656449, -3.189017578948882, 73.36938705202775, 296.07883673508763
55.9431997615942, -3.1892947428086353, NE, 55.9431997615942, -3.1892947428086353, 130.0079472706648, 378.4908781071255
55.94341189362856, -3.1890826107742796, ENE, 55.94341189362856, -3.1890826107742796, 130.0079472706648, 377.2408781071255
55.94352669865827, -3.188805446914526, W, 55.94352669865827, -3.188805446914526, 130.0079472706648, 375.9908781071255
55.94352669865827, -3.1891054469145264, ENE, 55.94352669865827, -3.1891054469145264, 130.0079472706648, 374.7408781071255
55.94364150368798, -3.188828283054773, SE, 55.94364150368798, -3.188828283054773, 130.0079472706648, 373.4908781071255
55.94342937165362, -3.188616151020417, ESE, 55.94342937165362, -3.188616151020417, 130.0079472706648, 372.2408781071255
55.94331456662391, -3.1883389871606638, NE, 55.94331456662391, -3.1883389871606638, 130.0079472706648, 370.9908781071255
55.94352669865827, -3.188126855126308, SSW, 55.94352669865827, -3.188126855126308, 130.0079472706648, 369.7408781071255
55.94324953479851, -3.1882416601560175, S, 55.94324953479851, -3.1882416601560175, 130.0079472706648, 368.4908781071255
55.94294953479851, -3.1882416601560175, N, 55.94294953479851, -3.1882416601560175, 130.0079472706648, 367.2408781071255
55.94324953479851, -3.1882416601560175, E, 55.94324953479851, -3.1882416601560175, 130.0079472706648, 365.9908781071255
55.94324953479851, -3.1879416601560173, SSE, 55.94324953479851, -3.1879416601560173, 130.0079472706648, 364.7408781071255
55.942972370938755, -3.187826855126308, SSE, 55.942972370938755, -3.187826855126308, 130.0079472706648, 363.4908781071255
55.942695207079, -3.1877120500965983, NW, 55.942695207079, -3.1877120500965983, 130.0079472706648, 362.2408781071255
55.942907339113354, -3.187924182130954, NNW, 55.942907339113354, -3.187924182130954, 130.0079472706648, 360.9908781071255
55.94318450297311, -3.1880389871606636, W, 55.94318450297311, -3.1880389871606636, 130.0079472706648, 359.7408781071255
55.94318450297311, -3.1883389871606638, N, 55.94318450297311, -3.1883389871606638, 130.0079472706648, 358.4908781071255
55.943484502973114, -3.1883389871606638, W, 55.943484502973114, -3.1883389871606638, 130.0079472706648, 357.2408781071255
55.943484502973114, -3.188638987160664, SSE, 55.943484502973114, -3.188638987160664, 130.0079472706648, 355.9908781071255
55.94320733911336, -3.1885241821309545, NE, 55.94320733911336, -3.1885241821309545, 130.0079472706648, 354.7408781071255
55.94341947114771, -3.1883120500965987, N, 55.94341947114771, -3.1883120500965987, 130.0079472706648, 353.4908781071255
55.943719471147716, -3.1883120500965987, S, 55.943719471147716, -3.1883120500965987, 130.0079472706648, 352.2408781071255
55.94341947114771, -3.1883120500965987, NNW, 55.94341947114771, -3.1883120500965987, 130.0079472706648, 350.9908781071255
55.94369663500747, -3.188426855126308, SE, 55.94369663500747, -3.188426855126308, 130.0079472706648, 349.7408781071255
55.943484502973114, -3.1882147230919524, N, 55.943484502973114, -3.1882147230919524, 130.0079472706648, 348.4908781071255
55.943784502973116, -3.1882147230919524, S, 55.943784502973116, -3.1882147230919524, 130.0079472706648, 347.2408781071255
55.943484502973114, -3.1882147230919524, WNW, 55.943484502973114, -3.1882147230919524, 130.0079472706648, 345.9908781071255
55.943599308002824, -3.188491886951706, W, 55.943599308002824, -3.188491886951706, 130.0079472706648, 344.7408781071255
55.943599308002824, -3.188791886951706, SE, 55.943599308002824, -3.188791886951706, 130.0079472706648, 343.4908781071255
55.94338717596847, -3.1885797549173502, ENE, 55.94338717596847, -3.1885797549173502, 130.0079472706648, 342.2408781071255
55.94350198099818, -3.188302591057597, NW, 55.94350198099818, -3.188302591057597, 130.0079472706648, 340.9908781071255
55.943714113032534, -3.1885147230919526, E, 55.943714113032534, -3.1885147230919526, 130.0079472706648, 339.7408781071255
55.943714113032534, -3.1882147230919524, NE, 55.943714113032534, -3.1882147230919524, 130.0079472706648, 338.4908781071255
55.94392624506689, -3.1880025910575966, WNW, 55.94392624506689, -3.1880025910575966, 130.0079472706648, 337.2408781071255
55.9440410500966, -3.18827975491735, SSW, 55.9440410500966, -3.18827975491735, 130.0079472706648, 335.9908781071255
55.943763886236844, -3.1883945599470596, SE, 55.943763886236844, -3.1883945599470596, 130.0079472706648, 334.7408781071255
55.94355175420249, -3.188182427912704, NNE, 55.94355175420249, -3.188182427912704, 130.0079472706648, 333.4908781071255
55.943828918062245, -3.1880676228829943, S, 55.943828918062245, -3.1880676228829943, 130.0079472706648, 332.2408781071255
55.94352891806224, -3.1880676228829943, NE, 55.94352891806224, -3.1880676228829943, 130.0079472706648, 330.9908781071255
55.9437410500966, -3.1878554908486385, E, 55.9437410500966, -3.1878554908486385, 130.0079472706648, 329.7408781071255
55.9437410500966, -3.1875554908486383, W, 55.9437410500966, -3.1875554908486383, 130.0079472706648, 328.4908781071255
55.9437410500966, -3.1878554908486385, E, 55.9437410500966, -3.1878554908486385, 130.0079472706648, 327.2408781071255
55.9437410500966, -3.1875554908486383, ESE, 55.9437410500966, -3.1875554908486383, 125.18134334963388, 266.9476046441126
55.94362624506689, -3.187278326988885, WNW, 55.94362624506689, -3.187278326988885, 125.18134334963388, 265.6976046441126
55.9437410500966, -3.1875554908486383, E, 55.9437410500966, -3.1875554908486383, 125.18134334963388, 264.4476046441126
55.9437410500966, -3.187255490848638, SSW, 55.9437410500966, -3.187255490848638, 125.18134334963388, 263.1976046441126
55.94346388623684, -3.1873702958783476, NNE, 55.94346388623684, -3.1873702958783476, 125.18134334963388, 261.9476046441126
55.9437410500966, -3.187255490848638, NNW, 55.9437410500966, -3.187255490848638, 125.18134334963388, 260.6976046441126
55.944018213956355, -3.1873702958783476, NNW, 55.944018213956355, -3.1873702958783476, 125.18134334963388, 259.4476046441126
55.94429537781611, -3.187485100908057, SW, 55.94429537781611, -3.187485100908057, 125.18134334963388, 258.1976046441126
55.944083245781755, -3.187697232942413, NNW, 55.944083245781755, -3.187697232942413, 125.18134334963388, 256.9476046441126
55.94436040964151, -3.1878120379721224, NNW, 55.94436040964151, -3.1878120379721224, 125.18134334963388, 255.69760464411257
55.94463757350127, -3.187926843001832, E, 55.94463757350127, -3.187926843001832, 125.18134334963388, 254.44760464411257
55.94463757350127, -3.1876268430018317, W, 55.94463757350127, -3.1876268430018317, 125.18134334963388, 253.19760464411257
55.94463757350127, -3.187926843001832, NNW, 55.94463757350127, -3.187926843001832, 125.18134334963388, 251.94760464411257
55.944914737361024, -3.1880416480315414, S, 55.944914737361024, -3.1880416480315414, 125.18134334963388, 250.69760464411257
55.94461473736102, -3.1880416480315414, SSW, 55.94461473736102, -3.1880416480315414, 99.23893474712987, 239.27912274592182
55.944337573501265, -3.188156453061251, WSW, 55.944337573501265, -3.188156453061251, 99.23893474712987, 238.02912274592182
55.944222768471555, -3.1884336169210044, SE, 55.944222768471555, -3.1884336169210044, 99.23893474712987, 236.77912274592182
55.9440106364372, -3.1882214848866486, E, 55.9440106364372, -3.1882214848866486, 99.23893474712987, 235.52912274592182
55.9440106364372, -3.1879214848866484, NNE, 55.9440106364372, -3.1879214848866484, 99.23893474712987, 234.27912274592182
55.944287800296955, -3.187806679856939, ESE, 55.944287800296955, -3.187806679856939, 99.23893474712987, 233.02912274592182
55.944172995267245, -3.1875295159971855, ENE, 55.944172995267245, -3.1875295159971855, 99.23893474712987, 231.77912274592182
55.944287800296955, -3.187252352137432, SSE, 55.944287800296955, -3.187252352137432, 99.23893474712987, 230.52912274592182
55.9440106364372, -3.1871375471077226, E, 55.9440106364372, -3.1871375471077226, 99.23893474712987, 229.27912274592182
55.9440106364372, -3.1868375471077224, NNE, 55.9440106364372, -3.1868375471077224, 209.84790389143592, 299.44063416386916
55.944287800296955, -3.186722742078013, N, 55.944287800296955, -3.186722742078013, 209.84790389143592, 298.19063416386916
55.94458780029696, -3.186722742078013, NE, 55.94458780029696, -3.186722742078013, 209.84790389143592, 296.94063416386916
55.944799932331314, -3.186510610043657, E, 55.944799932331314, -3.186510610043657, 209.84790389143592, 295.69063416386916
55.944799932331314, -3.186210610043657, NNW, 55.944799932331314, -3.186210610043657, 209.84790389143592, 294.44063416386916
55.94507709619107, -3.1863254150733664, NNW, 55.94507709619107, -3.1863254150733664, 209.84790389143592, 293.19063416386916
55.94535426005083, -3.186440220103076, SE, 55.94535426005083, -3.186440220103076, 209.84790389143592, 291.94063416386916
55.94514212801647, -3.18622808806872, ENE, 55.94514212801647, -3.18622808806872, 316.1672964180601, 307.81709478052454
55.94525693304618, -3.1859509242089668, N, 55.94525693304618, -3.1859509242089668, 430.05474852838324, 341.42087448334377
55.945556933046184, -3.1859509242089668, E, 55.945556933046184, -3.1859509242089668, 430.05474852838324, 340.17087448334377
55.945556933046184, -3.1856509242089666, WSW, 55.945556933046184, -3.1856509242089666, 430.05474852838324, 338.92087448334377
55.945442128016474, -3.18592808806872, S, 55.945442128016474, -3.18592808806872, 430.05474852838324, 337.67087448334377
55.94514212801647, -3.18592808806872, SSW, 55.94514212801647, -3.18592808806872, 445.7735730785069, 429.7128879325944
55.944864964156714, -3.1860428930984295, SW, 55.944864964156714, -3.1860428930984295, 445.7735730785069, 428.4628879325944
55.94465283212236, -3.1862550251327852, E, 55.94465283212236, -3.1862550251327852, 445.7735730785069, 427.2128879325944
55.94465283212236, -3.185955025132785, SSW, 55.94465283212236, -3.185955025132785, 445.7735730785069, 425.9628879325944
55.9443756682626, -3.1860698301624946, WNW, 55.9443756682626, -3.1860698301624946, 445.7735730785069, 424.7128879325944
55.94449047329231, -3.186346994022248, NW, 55.94449047329231, -3.186346994022248, 445.7735730785069, 423.4628879325944
55.94470260532667, -3.1865591260566037, SSW, 55.94470260532667, -3.1865591260566037, 441.3267237986831, 317.9639553290164
55.94442544146691, -3.1866739310863132, SSW, 55.94442544146691, -3.1866739310863132, 441.3267237986831, 316.7139553290164
55.944148277607155, -3.1867887361160228, E, 55.944148277607155, -3.1867887361160228, 441.3267237986831, 315.4639553290164
55.944148277607155, -3.1864887361160226, SSE, 55.944148277607155, -3.1864887361160226, 472.9884271979682, 393.7853210550632
55.9438711137474, -3.186373931086313, SW, 55.9438711137474, -3.186373931086313, 472.9884271979682, 392.5353210550632
55.94365898171304, -3.186586063120669, SW, 55.94365898171304, -3.186586063120669, 472.9884271979682, 391.2853210550632
55.943446849678686, -3.1867981951550246, ENE, 55.943446849678686, -3.1867981951550246, 472.9884271979682, 390.0353210550632
55.9435616547084, -3.186521031295271, ESE, 55.9435616547084, -3.186521031295271, 472.9884271979682, 388.7853210550632
55.943446849678686, -3.186243867435518, E, 55.943446849678686, -3.186243867435518, 472.9884271979682, 387.5353210550632
55.943446849678686, -3.1859438674355176, WNW, 55.943446849678686, -3.1859438674355176, 472.9884271979682, 386.2853210550632
55.9435616547084, -3.186221031295271, SSE, 55.9435616547084, -3.186221031295271, 472.9884271979682, 385.0353210550632
55.94328449084864, -3.1861062262655615, ESE, 55.94328449084864, -3.1861062262655615, 472.9884271979682, 383.7853210550632
55.94316968581893, -3.185829062405808, W, 55.94316968581893, -3.185829062405808, 472.9884271979682, 382.5353210550632
55.94316968581893, -3.1861290624058083, SSW, 55.94316968581893, -3.1861290624058083, 472.9884271979682, 381.2853210550632
55.94289252195917, -3.186243867435518, ENE, 55.94289252195917, -3.186243867435518, 472.9884271979682, 380.0353210550632
55.943007326988884, -3.1859667035757644, NW, 55.943007326988884, -3.1859667035757644, 472.9884271979682, 378.7853210550632
55.94321945902324, -3.18617883561012, N, 55.94321945902324, -3.18617883561012, 472.9884271979682, 377.5353210550632
55.94351945902324, -3.18617883561012, NW, 55.94351945902324, -3.18617883561012, 472.9884271979682, 376.2853210550632
55.9437315910576, -3.186390967644476, NW, 55.9437315910576, -3.186390967644476, 472.9884271979682, 375.0353210550632
55.943943723091955, -3.1866030996788317, SSW, 55.943943723091955, -3.1866030996788317, 472.9884271979682, 373.7853210550632
55.9436665592322, -3.186717904708541, SSE, 55.9436665592322, -3.186717904708541, 472.9884271979682, 372.5353210550632
55.94338939537244, -3.1866030996788317, S, 55.94338939537244, -3.1866030996788317, 472.9884271979682, 371.2853210550632
55.94308939537244, -3.1866030996788317, E, 55.94308939537244, -3.1866030996788317, 472.9884271979682, 370.0353210550632
55.94308939537244, -3.1863030996788315, SSW, 55.94308939537244, -3.1863030996788315, 441.5215974670489, 309.1376511716407
55.94281223151268, -3.186417904708541, WSW, 55.94281223151268, -3.186417904708541, 441.5215974670489, 307.8876511716407
55.94269742648297, -3.1866950685682944, ENE, 55.94269742648297, -3.1866950685682944, 441.5215974670489, 306.6376511716407
55.94281223151268, -3.186417904708541, NE, 55.94281223151268, -3.186417904708541, 441.5215974670489, 305.3876511716407
55.94302436354704, -3.1862057726741853, E, 55.94302436354704, -3.1862057726741853, 441.5215974670489, 304.1376511716407
55.94302436354704, -3.185905772674185, SSW, 55.94302436354704, -3.185905772674185, 441.5215974670489, 302.8876511716407
55.94274719968728, -3.1860205777038946, NNW, 55.94274719968728, -3.1860205777038946, 441.5215974670489, 301.6376511716407
55.94302436354704, -3.186135382733604, SE, 55.94302436354704, -3.186135382733604, 441.5215974670489, 300.3876511716407
55.94281223151268, -3.1859232506992483, E, 55.94281223151268, -3.1859232506992483, 476.66124200179036, 359.47890128957016
55.94281223151268, -3.185623250699248, N, 55.94281223151268, -3.185623250699248, 476.66124200179036, 358.22890128957016
55.943112231512686, -3.185623250699248, NNE, 55.943112231512686, -3.185623250699248, 476.66124200179036, 356.97890128957016
55.94338939537244, -3.1855084456695386, W, 55.94338939537244, -3.1855084456695386, 476.66124200179036, 355.72890128957016
55.94338939537244, -3.185808445669539, NNW, 55.94338939537244, -3.185808445669539, 476.66124200179036, 354.47890128957016
55.9436665592322, -3.1859232506992483, S, 55.9436665592322, -3.1859232506992483, 476.66124200179036, 353.22890128957016
55.943366559232196, -3.1859232506992483, ESE, 55.943366559232196, -3.1859232506992483, 476.66124200179036, 351.97890128957016
55.943251754202485, -3.185646086839495, S, 55.943251754202485, -3.185646086839495, 476.66124200179036, 350.72890128957016
55.94295175420248, -3.185646086839495, SSW, 55.94295175420248, -3.185646086839495, 476.66124200179036, 349.47890128957016
55.942674590342726, -3.1857608918692044, NNW, 55.942674590342726, -3.1857608918692044, 476.66124200179036, 348.22890128957016
55.94295175420248, -3.185875696898914, NE, 55.94295175420248, -3.185875696898914, 476.66124200179036, 346.97890128957016
55.94316388623684, -3.185663564864558, NW, 55.94316388623684, -3.185663564864558, 476.66124200179036, 345.72890128957016
55.943376018271195, -3.185875696898914, SW, 55.943376018271195, -3.185875696898914, 476.66124200179036, 344.47890128957016
55.94316388623684, -3.1860878289332697, NNE, 55.94316388623684, -3.1860878289332697, 476.66124200179036, 343.22890128957016
55.943441050096595, -3.18597302390356, S, 55.943441050096595, -3.18597302390356, 476.66124200179036, 341.97890128957016
55.94314105009659, -3.18597302390356, ESE, 55.94314105009659, -3.18597302390356, 476.66124200179036, 340.72890128957016
55.94302624506688, -3.185695860043807, S, 55.94302624506688, -3.185695860043807, 476.66124200179036, 339.47890128957016
55.94272624506688, -3.185695860043807, N, 55.94272624506688, -3.185695860043807, 476.66124200179036, 338.22890128957016
55.94302624506688, -3.185695860043807, E, 55.94302624506688, -3.185695860043807, 476.66124200179036, 336.97890128957016
55.94302624506688, -3.1853958600438066, SSE, 55.94302624506688, -3.1853958600438066, 476.66124200179036, 335.72890128957016
55.942749081207126, -3.185281055014097, NNE, 55.942749081207126, -3.185281055014097, 476.66124200179036, 334.47890128957016
55.94302624506688, -3.1851662499843876, WSW, 55.94302624506688, -3.1851662499843876, 476.66124200179036, 333.22890128957016
55.94291144003717, -3.185443413844141, SW, 55.94291144003717, -3.185443413844141, 476.66124200179036, 331.97890128957016
55.942699308002815, -3.1856555458784968, NNW, 55.942699308002815, -3.1856555458784968, 476.66124200179036, 330.72890128957016
55.94297647186257, -3.1857703509082063, SSE, 55.94297647186257, -3.1857703509082063, 476.66124200179036, 329.47890128957016
55.942699308002815, -3.1856555458784968, E, 55.942699308002815, -3.1856555458784968, 476.66124200179036, 328.22890128957016
55.942699308002815, -3.1853555458784966, NNW, 55.942699308002815, -3.1853555458784966, 476.66124200179036, 326.97890128957016
55.94297647186257, -3.185470350908206, NW, 55.94297647186257, -3.185470350908206, 476.66124200179036, 325.72890128957016
55.94318860389693, -3.185682482942562, NE, 55.94318860389693, -3.185682482942562, 476.66124200179036, 324.47890128957016
55.943400735931284, -3.185470350908206, N, 55.943400735931284, -3.185470350908206, 553.8763270890995, 332.3846233966453
55.94370073593129, -3.185470350908206, NW, 55.94370073593129, -3.185470350908206, 553.8763270890995, 331.1346233966453
55.94391286796564, -3.185682482942562, N, 55.94391286796564, -3.185682482942562, 553.8763270890995, 329.8846233966453
55.944212867965646, -3.185682482942562, SSE, 55.944212867965646, -3.185682482942562, 553.8763270890995, 328.6346233966453
55.94393570410589, -3.1855676779128523, N, 55.94393570410589, -3.1855676779128523, 553.8763270890995, 327.3846233966453
55.94423570410589, -3.1855676779128523, WNW, 55.94423570410589, -3.1855676779128523, 553.8763270890995, 326.1346233966453
55.9443505091356, -3.1858448417726057, WSW, 55.9443505091356, -3.1858448417726057, 553.8763270890995, 324.8846233966453
55.94423570410589, -3.186122005632359, WNW, 55.94423570410589, -3.186122005632359, 553.8763270890995, 323.6346233966453
55.9443505091356, -3.1863991694921125, WSW, 55.9443505091356, -3.1863991694921125, 553.8763270890995, 322.3846233966453
55.94423570410589, -3.186676333351866, SW, 55.94423570410589, -3.186676333351866, 553.8763270890995, 321.1346233966453
55.944023572071536, -3.1868884653862217, NW, 55.944023572071536, -3.1868884653862217, 553.8763270890995, 319.8846233966453
55.94423570410589, -3.1871005974205775, NW, 55.94423570410589, -3.1871005974205775, 553.8763270890995, 318.6346233966453
55.94444783614025, -3.1873127294549333, WSW, 55.94444783614025, -3.1873127294549333, 553.8763270890995, 317.3846233966453
55.94433303111054, -3.1875898933146867, SE, 55.94433303111054, -3.1875898933146867, 553.8763270890995, 316.1346233966453
55.94412089907618, -3.187377761280331, NW, 55.94412089907618, -3.187377761280331, 553.8763270890995, 314.8846233966453
55.94433303111054, -3.1875898933146867, SSE, 55.94433303111054, -3.1875898933146867, 553.8763270890995, 313.6346233966453
55.94405586725078, -3.187475088284977, W, 55.94405586725078, -3.187475088284977, 553.8763270890995, 312.3846233966453
55.94405586725078, -3.1877750882849774, N, 55.94405586725078, -3.1877750882849774, 553.8763270890995, 311.1346233966453
55.944355867250785, -3.1877750882849774, NNW, 55.944355867250785, -3.1877750882849774, 553.8763270890995, 309.8846233966453
55.94463303111054, -3.187889893314687, NNW, 55.94463303111054, -3.187889893314687, 553.8763270890995, 308.6346233966453
55.9449101949703, -3.1880046983443964, WSW, 55.9449101949703, -3.1880046983443964, 553.8763270890995, 307.3846233966453
55.94479538994059, -3.1882818622041498, SSW, 55.94479538994059, -3.1882818622041498, 553.8763270890995, 306.1346233966453
55.94451822608083, -3.1883966672338593, NNE, 55.94451822608083, -3.1883966672338593, 553.8763270890995, 304.8846233966453
55.94479538994059, -3.1882818622041498, ENE, 55.94479538994059, -3.1882818622041498, 553.8763270890995, 303.6346233966453
55.9449101949703, -3.1880046983443964, E, 55.9449101949703, -3.1880046983443964, 553.8763270890995, 302.3846233966453
55.9449101949703, -3.187704698344396, WNW, 55.9449101949703, -3.187704698344396, 553.8763270890995, 301.1346233966453
55.94502500000001, -3.1879818622041496, ENE, 55.94502500000001, -3.1879818622041496, 553.8763270890995, 299.8846233966453
55.94513980502972, -3.187704698344396, NNE, 55.94513980502972, -3.187704698344396, 553.8763270890995, 298.6346233966453
55.945416968889475, -3.1875898933146867, S, 55.945416968889475, -3.1875898933146867, 553.8763270890995, 297.3846233966453
55.94511696888947, -3.1875898933146867, SW, 55.94511696888947, -3.1875898933146867, 553.8763270890995, 296.1346233966453
55.944904836855116, -3.1878020253490424, NE, 55.944904836855116, -3.1878020253490424, 553.8763270890995, 294.8846233966453
55.94511696888947, -3.1875898933146867, WNW, 55.94511696888947, -3.1875898933146867, 553.8763270890995, 293.6346233966453
55.94523177391918, -3.18786705717444, W, 55.94523177391918, -3.18786705717444, 553.8763270890995, 292.3846233966453
55.94523177391918, -3.1881670571744403, NNW, 55.94523177391918, -3.1881670571744403, 553.8763270890995, 291.1346233966453
55.94550893777894, -3.1882818622041498, NNE, 55.94550893777894, -3.1882818622041498, 553.8763270890995, 289.8846233966453
55.945786101638696, -3.1881670571744403, NNW, 55.945786101638696, -3.1881670571744403, 553.8763270890995, 288.6346233966453
55.94606326549845, -3.1882818622041498, SW, 55.94606326549845, -3.1882818622041498, 553.8763270890995, 287.3846233966453
55.945851133464096, -3.1884939942385055, W, 55.945851133464096, -3.1884939942385055, 575.7695237712928, 387.1235382043888
55.945851133464096, -3.1887939942385057, SW, 55.945851133464096, -3.1887939942385057, 656.400011761655, 501.72001581076006
55.94563900142974, -3.1890061262728615, SE, 55.94563900142974, -3.1890061262728615, 656.400011761655, 500.47001581076006
55.945426869395384, -3.1887939942385057, SE, 55.945426869395384, -3.1887939942385057, 656.400011761655, 499.22001581076006
55.94521473736103, -3.18858186220415, SSE, 55.94521473736103, -3.18858186220415, 623.2648626005955, 423.52059777484976
55.94493757350127, -3.1884670571744405, S, 55.94493757350127, -3.1884670571744405, 623.2648626005955, 422.27059777484976
55.94463757350127, -3.1884670571744405, NNE, 55.94463757350127, -3.1884670571744405, 623.2648626005955, 421.02059777484976
55.944914737361024, -3.188352252144731, N, 55.944914737361024, -3.188352252144731, 623.2648626005955, 419.77059777484976
55.94521473736103, -3.188352252144731, W, 55.94521473736103, -3.188352252144731, 623.2648626005955, 418.52059777484976
55.94521473736103, -3.188652252144731, NW, 55.94521473736103, -3.188652252144731, 623.2648626005955, 417.27059777484976
55.945426869395384, -3.188864384179087, WNW, 55.945426869395384, -3.188864384179087, 623.2648626005955, 416.02059777484976
55.945541674425094, -3.1891415480388403, NE, 55.945541674425094, -3.1891415480388403, 623.2648626005955, 414.77059777484976
55.94575380645945, -3.1889294160044845, SSE, 55.94575380645945, -3.1889294160044845, 623.2648626005955, 413.52059777484976
55.945476642599694, -3.188814610974775, E, 55.945476642599694, -3.188814610974775, 623.2648626005955, 412.27059777484976
55.945476642599694, -3.188514610974775, WSW, 55.945476642599694, -3.188514610974775, 623.2648626005955, 411.02059777484976
55.94536183756998, -3.1887917748345282, WSW, 55.94536183756998, -3.1887917748345282, 623.2648626005955, 409.77059777484976
55.94524703254027, -3.1890689386942817, SE, 55.94524703254027, -3.1890689386942817, 623.2648626005955, 408.52059777484976
55.94503490050592, -3.188856806659926, S, 55.94503490050592, -3.188856806659926, 623.2648626005955, 407.27059777484976
55.944734900505914, -3.188856806659926, SSW, 55.944734900505914, -3.188856806659926, 599.4371403354577, 382.1246630295177
55.94445773664616, -3.1889716116896354, NE, 55.94445773664616, -3.1889716116896354, 599.4371403354577, 380.8746630295177
55.94466986868051, -3.1887594796552796, W, 55.94466986868051, -3.1887594796552796, 599.4371403354577, 379.6246630295177
55.94466986868051, -3.18905947965528, SSE, 55.94466986868051, -3.18905947965528, 599.4371403354577, 378.3746630295177
55.94439270482076, -3.1889446746255703, SE, 55.94439270482076, -3.1889446746255703, 599.4371403354577, 377.1246630295177
55.9441805727864, -3.1887325425912145, NNW, 55.9441805727864, -3.1887325425912145, 599.4371403354577, 375.8746630295177
55.94445773664616, -3.188847347620924, NNE, 55.94445773664616, -3.188847347620924, 599.4371403354577, 374.6246630295177
55.944734900505914, -3.1887325425912145, NNE, 55.944734900505914, -3.1887325425912145, 599.4371403354577, 373.3746630295177
55.94501206436567, -3.188617737561505, NNW, 55.94501206436567, -3.188617737561505, 599.4371403354577, 372.1246630295177
55.94528922822543, -3.1887325425912145, W, 55.94528922822543, -3.1887325425912145, 599.4371403354577, 370.8746630295177
55.94528922822543, -3.1890325425912147, WSW, 55.94528922822543, -3.1890325425912147, 599.4371403354577, 369.6246630295177
55.945174423195716, -3.189309706450968, NW, 55.945174423195716, -3.189309706450968, 599.4371403354577, 368.3746630295177
55.94538655523007, -3.189521838485324, WSW, 55.94538655523007, -3.189521838485324, 599.4371403354577, 367.1246630295177
55.94527175020036, -3.1897990023450773, SW, 55.94527175020036, -3.1897990023450773, 599.4371403354577, 365.8746630295177
55.945059618166006, -3.190011134379433, ESE, 55.945059618166006, -3.190011134379433, 599.4371403354577, 364.6246630295177
55.944944813136296, -3.1897339705196797, S, 55.944944813136296, -3.1897339705196797, 695.519214989106, 397.95974879772217
55.94464481313629, -3.1897339705196797, ENE, 55.94464481313629, -3.1897339705196797, 695.519214989106, 396.70974879772217
55.944759618166, -3.1894568066599263, ENE, 55.944759618166, -3.1894568066599263, 695.519214989106, 395.45974879772217
55.944874423195714, -3.189179642800173, N, 55.944874423195714, -3.189179642800173, 695.519214989106, 394.20974879772217
55.945174423195716, -3.189179642800173, NE, 55.945174423195716, -3.189179642800173, 695.519214989106, 392.95974879772217
55.94538655523007, -3.188967510765817, WNW, 55.94538655523007, -3.188967510765817, 695.519214989106, 391.70974879772217
55.94550136025978, -3.1892446746255705, ENE, 55.94550136025978, -3.1892446746255705, 695.519214989106, 390.45974879772217
55.94561616528949, -3.188967510765817, NW, 55.94561616528949, -3.188967510765817, 695.519214989106, 389.20974879772217
55.94582829732385, -3.189179642800173, S, 55.94582829732385, -3.189179642800173, 695.519214989106, 387.95974879772217
55.94552829732385, -3.189179642800173, NW, 55.94552829732385, -3.189179642800173, 695.519214989106, 386.70974879772217
55.9457404293582, -3.1893917748345286, NE, 55.9457404293582, -3.1893917748345286, 695.519214989106, 385.45974879772217
55.94595256139256, -3.189179642800173, NE, 55.94595256139256, -3.189179642800173, 695.519214989106, 384.20974879772217