55.944425, -3.188396, NNW, 55.944425, -3.188396, 68.65530261674546, 332.6757758792565
55.94470216385976, -3.1885108050297095, SE, 55.94470216385976, -3.1885108050297095, 68.65530261674546, 331.4257758792565
55.9444900318254, -3.1882986729953537, ESE, 55.9444900318254, -3.1882986729953537, 68.65530261674546, 330.1757758792565
55.94437522679569, -3.1880215091356003, SSE, 55.94437522679569, -3.1880215091356003, 68.65530261674546, 328.9257758792565
55.944098062935936, -3.187906704105891, SW, 55.944098062935936, -3.187906704105891, 175.14582803611057, 362.6345153302508
55.94388593090158, -3.1881188361402466, SSW, 55.94388593090158, -3.1881188361402466, 175.14582803611057, 361.3845153302508
55.94360876704182, -3.188233641169956, ESE, 55.94360876704182, -3.188233641169956, 175.14582803611057, 360.1345153302508
55.94349396201211, -3.1879564773102027, NE, 55.94349396201211, -3.1879564773102027, 252.82524744437274, 379.9153233708455
55.94370609404647, -3.187744345275847, SE, 55.94370609404647, -3.187744345275847, 252.82524744437274, 378.6653233708455
55.94349396201211, -3.187532213241491, N, 55.94349396201211, -3.187532213241491, 252.82524744437274, 377.4153233708455
55.943793962012116, -3.187532213241491, NNW, 55.943793962012116, -3.187532213241491, 252.82524744437274, 376.1653233708455
55.94407112587187, -3.1876470182712007, NE, 55.94407112587187, -3.1876470182712007, 252.82524744437274, 374.9153233708455
55.94428325790623, -3.187434886236845, SW, 55.94428325790623, -3.187434886236845, 252.82524744437274, 373.6653233708455
55.94407112587187, -3.1876470182712007, SE, 55.94407112587187, -3.1876470182712007, 252.82524744437274, 372.4153233708455
55.943858993837516, -3.187434886236845, ENE, 55.943858993837516, -3.187434886236845, 252.82524744437274, 371.1653233708455
55.943973798867226, -3.1871577223770915, SSW, 55.943973798867226, -3.1871577223770915, 252.82524744437274, 369.9153233708455
55.94369663500747, -3.187272527406801, SSW, 55.94369663500747, -3.187272527406801, 252.82524744437274, 368.6653233708455
55.94341947114771, -3.1873873324365105, E, 55.94341947114771, -3.1873873324365105, 309.62535090890776, 418.29170360142365
55.94341947114771, -3.1870873324365103, SE, 55.94341947114771, -3.1870873324365103, 309.62535090890776, 417.04170360142365
55.94320733911336, -3.1868752004021546, NNE, 55.94320733911336, -3.1868752004021546, 399.650304476647, 498.40977600862
55.943484502973114, -3.186760395372445, S, 55.943484502973114, -3.186760395372445, 399.650304476647, 497.15977600862
55.94318450297311, -3.186760395372445, NW, 55.94318450297311, -3.186760395372445, 399.650304476647, 495.90977600862
55.94339663500747, -3.186972527406801, SW, 55.94339663500747, -3.186972527406801, 399.650304476647, 494.65977600862
55.94318450297311, -3.1871846594411566, WSW, 55.94318450297311, -3.1871846594411566, 399.650304476647, 493.40977600862
55.9430696979434, -3.18746182330091, WNW, 55.9430696979434, -3.18746182330091, 389.64636892166834, 465.8809889805153
55.94318450297311, -3.1877389871606634, NE, 55.94318450297311, -3.1877389871606634, 389.64636892166834, 464.6309889805153
55.94339663500747, -3.1875268551263076, ENE, 55.94339663500747, -3.1875268551263076, 389.64636892166834, 463.3809889805153
55.94351144003718, -3.187249691266554, W, 55.94351144003718, -3.187249691266554, 389.64636892166834, 462.1309889805153
55.94351144003718, -3.1875496912665544, ENE, 55.94351144003718, -3.1875496912665544, 389.64636892166834, 460.8809889805153
55.94362624506689, -3.187272527406801, SE, 55.94362624506689, -3.187272527406801, 389.64636892166834, 459.6309889805153
55.94341411303253, -3.1870603953724452, ESE, 55.94341411303253, -3.1870603953724452, 389.64636892166834, 458.3809889805153
55.94329930800282, -3.186783231512692, NE, 55.94329930800282, -3.186783231512692, 389.64636892166834, 457.1309889805153
55.94351144003718, -3.186571099478336, N, 55.94351144003718, -3.186571099478336, 495.00354411718183, 463.34390272847673
55.94381144003718, -3.186571099478336, W, 55.94381144003718, -3.186571099478336, 592.0487794819825, 551.5560223889397
55.94381144003718, -3.1868710994783362, N, 55.94381144003718, -3.1868710994783362, 592.0487794819825, 550.3060223889397
55.94411144003718, -3.1868710994783362, N, 55.94411144003718, -3.1868710994783362, 711.0357973010123, 585.6941825040684
55.944411440037186, -3.1868710994783362, SSE, 55.944411440037186, -3.1868710994783362, 711.0357973010123, 584.4441825040684
55.94413427617743, -3.1867562944486267, SSE, 55.94413427617743, -3.1867562944486267, 711.0357973010123, 583.1941825040684
55.94385711231767, -3.1866414894189172, SSW, 55.94385711231767, -3.1866414894189172, 711.0357973010123, 581.9441825040684
55.943579948457916, -3.1867562944486267, ESE, 55.943579948457916, -3.1867562944486267, 828.270982959867, 694.8383154277657
55.943465143428206, -3.1864791305888733, W, 55.943465143428206, -3.1864791305888733, 828.270982959867, 693.5883154277657
55.943465143428206, -3.1867791305888735, N, 55.943465143428206, -3.1867791305888735, 828.270982959867, 692.3383154277657
55.94376514342821, -3.1867791305888735, W, 55.94376514342821, -3.1867791305888735, 828.270982959867, 691.0883154277657
55.94376514342821, -3.1870791305888737, SSE, 55.94376514342821, -3.1870791305888737, 828.270982959867, 689.8383154277657
55.94348797956845, -3.186964325559164, NE, 55.94348797956845, -3.186964325559164, 828.270982959867, 688.5883154277657
55.94370011160281, -3.1867521935248084, N, 55.94370011160281, -3.1867521935248084, 828.270982959867, 687.3383154277657
55.94400011160281, -3.1867521935248084, S, 55.94400011160281, -3.1867521935248084, 828.270982959867, 686.0883154277657
55.94370011160281, -3.1867521935248084, NNW, 55.94370011160281, -3.1867521935248084, 828.270982959867, 684.8383154277657
55.943977275462565, -3.186866998554518, SE, 55.943977275462565, -3.186866998554518, 828.270982959867, 683.5883154277657
55.94376514342821, -3.186654866520162, N, 55.94376514342821, -3.186654866520162, 828.270982959867, 682.3383154277657
55.94406514342821, -3.186654866520162, S, 55.94406514342821, -3.186654866520162, 828.270982959867, 681.0883154277657
55.94376514342821, -3.186654866520162, WNW, 55.94376514342821, -3.186654866520162, 828.270982959867, 679.8383154277657
55.94387994845792, -3.1869320303799156, W, 55.94387994845792, -3.1869320303799156, 828.270982959867, 678.5883154277657
55.94387994845792, -3.1872320303799158, SE, 55.94387994845792, -3.1872320303799158, 828.270982959867, 677.3383154277657
55.94366781642356, -3.18701989834556, ENE, 55.94366781642356, -3.18701989834556, 828.270982959867, 676.0883154277657
55.94378262145327, -3.1867427344858066, NW, 55.94378262145327, -3.1867427344858066, 828.270982959867, 674.8383154277657
55.94399475348763, -3.1869548665201624, E, 55.94399475348763, -3.1869548665201624, 828.270982959867, 673.5883154277657
55.94399475348763, -3.186654866520162, NE, 55.94399475348763, -3.186654866520162, 828.270982959867, 672.3383154277657
55.944206885521986, -3.1864427344858064, E, 55.944206885521986, -3.1864427344858064, 828.270982959867, 671.0883154277657
55.944206885521986, -3.186142734485806, SE, 55.944206885521986, -3.186142734485806, 828.270982959867, 669.8383154277657
55.94399475348763, -3.1859306024514504, SE, 55.94399475348763, -3.1859306024514504, 863.9899984626545, 722.8836491535644
55.94378262145327, -3.1857184704170947, NNE, 55.94378262145327, -3.1857184704170947, 863.9899984626545, 721.6336491535644
55.94405978531303, -3.185603665387385, S, 55.94405978531303, -3.185603665387385, 863.9899984626545, 720.3836491535644
55.94375978531303, -3.185603665387385, NE, 55.94375978531303, -3.185603665387385, 863.9899984626545, 719.1336491535644
55.94397191734738, -3.1853915333530294, E, 55.94397191734738, -3.1853915333530294, 863.9899984626545, 717.8836491535644
55.94397191734738, -3.185091533353029, W, 55.94397191734738, -3.185091533353029, 863.9899984626545, 716.6336491535644
55.94397191734738, -3.1853915333530294, E, 55.94397191734738, -3.1853915333530294, 863.9899984626545, 715.3836491535644
55.94397191734738, -3.185091533353029, ESE, 55.94397191734738, -3.185091533353029, 863.9899984626545, 714.1336491535644
55.94385711231767, -3.184814369493276, WNW, 55.94385711231767, -3.184814369493276, 863.9899984626545, 712.8836491535644
55.94397191734738, -3.185091533353029, E, 55.94397191734738, -3.185091533353029, 863.9899984626545, 711.6336491535644
55.94397191734738, -3.184791533353029, SSW, 55.94397191734738, -3.184791533353029, 863.9899984626545, 710.3836491535644
55.94369475348763, -3.1849063383827385, NNE, 55.94369475348763, -3.1849063383827385, 863.9899984626545, 709.1336491535644
55.94397191734738, -3.184791533353029, NNW, 55.94397191734738, -3.184791533353029, 863.9899984626545, 707.8836491535644
55.94424908120714, -3.1849063383827385, NNW, 55.94424908120714, -3.1849063383827385, 863.9899984626545, 706.6336491535644
55.944526245066896, -3.185021143412448, SW, 55.944526245066896, -3.185021143412448, 863.9899984626545, 705.3836491535644
55.94431411303254, -3.185233275446804, NNW, 55.94431411303254, -3.185233275446804, 863.9899984626545, 704.1336491535644
55.9445912768923, -3.1853480804765133, NNW, 55.9445912768923, -3.1853480804765133, 863.9899984626545, 702.8836491535644
55.94486844075205, -3.185462885506223, E, 55.94486844075205, -3.185462885506223, 863.9899984626545, 701.6336491535644
55.94486844075205, -3.1851628855062226, W, 55.94486844075205, -3.1851628855062226, 863.9899984626545, 700.3836491535644
55.94486844075205, -3.185462885506223, NNW, 55.94486844075205, -3.185462885506223, 947.2914189694025, 820.2623822164223
55.94514560461181, -3.1855776905359323, S, 55.94514560461181, -3.1855776905359323, 947.2914189694025, 819.0123822164223
55.94484560461181, -3.1855776905359323, SSW, 55.94484560461181, -3.1855776905359323, 957.3555451403522, 900.2287001797768
55.94456844075205, -3.185692495565642, WSW, 55.94456844075205, -3.185692495565642, 957.3555451403522, 898.9787001797768
55.94445363572234, -3.1859696594253952, SE, 55.94445363572234, -3.1859696594253952, 957.3555451403522, 897.7287001797768
55.944241503687984, -3.1857575273910395, E, 55.944241503687984, -3.1857575273910395, 957.3555451403522, 896.4787001797768
55.944241503687984, -3.1854575273910393, NNE, 55.944241503687984, -3.1854575273910393, 957.3555451403522, 895.2287001797768
55.94451866754774, -3.1853427223613298, ESE, 55.94451866754774, -3.1853427223613298, 957.3555451403522, 893.9787001797768
55.94440386251803, -3.1850655585015764, ENE, 55.94440386251803, -3.1850655585015764, 982.3041570397639, 937.284577310574
55.94451866754774, -3.184788394641823, N, 55.94451866754774, -3.184788394641823, 1020.4260164120392, 974.5519890188657
55.94481866754774, -3.184788394641823, E, 55.94481866754774, -3.184788394641823, 1006.018800480328, 951.6832008114241
55.94481866754774, -3.1844883946418228, NNE, 55.94481866754774, -3.1844883946418228, 1006.018800480328, 950.4332008114241
55.9450958314075, -3.1843735896121133, SSW, 55.9450958314075, -3.1843735896121133, 1006.018800480328, 949.1832008114241
55.94481866754774, -3.1844883946418228, NNW, 55.94481866754774, -3.1844883946418228, 1006.018800480328, 947.9332008114241
55.9450958314075, -3.1846031996715323, NE, 55.9450958314075, -3.1846031996715323, 1006.018800480328, 946.6832008114241
55.945307963441856, -3.1843910676371765, NW, 55.945307963441856, -3.1843910676371765, 931.2900475169605, 900.2633510973292
55.94552009547621, -3.1846031996715323, SSW, 55.94552009547621, -3.1846031996715323, 931.2900475169605, 899.0133510973292
55.945242931616455, -3.184718004701242, SE, 55.945242931616455, -3.184718004701242, 931.2900475169605, 897.7633510973292
55.9450307995821, -3.184505872666886, WNW, 55.9450307995821, -3.184505872666886, 931.2900475169605, 896.5133510973292
55.94514560461181, -3.1847830365266394, WSW, 55.94514560461181, -3.1847830365266394, 931.2900475169605, 895.2633510973292
55.9450307995821, -3.185060200386393, E, 55.9450307995821, -3.185060200386393, 931.2900475169605, 894.0133510973292
55.9450307995821, -3.1847602003863926, WSW, 55.9450307995821, -3.1847602003863926, 931.2900475169605, 892.7633510973292
55.94491599455239, -3.185037364246146, S, 55.94491599455239, -3.185037364246146, 931.2900475169605, 891.5133510973292
55.944615994552386, -3.185037364246146, NW, 55.944615994552386, -3.185037364246146, 931.2900475169605, 890.2633510973292
55.94482812658674, -3.185249496280502, SW, 55.94482812658674, -3.185249496280502, 931.2900475169605, 889.0133510973292
55.944615994552386, -3.1854616283148576, E, 55.944615994552386, -3.1854616283148576, 931.2900475169605, 887.7633510973292
55.944615994552386, -3.1851616283148574, SSW, 55.944615994552386, -3.1851616283148574, 931.2900475169605, 886.5133510973292
55.94433883069263, -3.185276433344567, WNW, 55.94433883069263, -3.185276433344567, 931.2900475169605, 885.2633510973292
55.94445363572234, -3.1855535972043203, SSE, 55.94445363572234, -3.1855535972043203, 931.2900475169605, 884.0133510973292
55.94417647186258, -3.185438792174611, SSW, 55.94417647186258, -3.185438792174611, 931.2900475169605, 882.7633510973292
55.94389930800283, -3.1855535972043203, SSW, 55.94389930800283, -3.1855535972043203, 931.2900475169605, 881.5133510973292
55.94362214414307, -3.18566840223403, E, 55.94362214414307, -3.18566840223403, 931.2900475169605, 880.2633510973292
55.94362214414307, -3.1853684022340296, ESE, 55.94362214414307, -3.1853684022340296, 931.2900475169605, 879.0133510973292
55.94350733911336, -3.185091238374276, SW, 55.94350733911336, -3.185091238374276, 931.2900475169605, 877.7633510973292
55.943295207079004, -3.185303370408632, SW, 55.943295207079004, -3.185303370408632, 931.2900475169605, 876.5133510973292
55.94308307504465, -3.1855155024429878, ENE, 55.94308307504465, -3.1855155024429878, 931.2900475169605, 875.2633510973292
55.94319788007436, -3.1852383385832344, ESE, 55.94319788007436, -3.1852383385832344, 931.2900475169605, 874.0133510973292
55.94308307504465, -3.184961174723481, E, 55.94308307504465, -3.184961174723481, 931.2900475169605, 872.7633510973292
55.94308307504465, -3.1846611747234808, WNW, 55.94308307504465, -3.1846611747234808, 931.2900475169605, 871.5133510973292
55.94319788007436, -3.184938338583234, SSE, 55.94319788007436, -3.184938338583234, 931.2900475169605, 870.2633510973292
55.9429207162146, -3.1848235335535247, ESE, 55.9429207162146, -3.1848235335535247, 931.2900475169605, 869.0133510973292
55.94280591118489, -3.1845463696937713, NW, 55.94280591118489, -3.1845463696937713, 931.2900475169605, 867.7633510973292
55.94301804321925, -3.184758501728127, SSW, 55.94301804321925, -3.184758501728127, 931.2900475169605, 866.5133510973292
55.94274087935949, -3.1848733067578365, ESE, 55.94274087935949, -3.1848733067578365, 931.2900475169605, 865.2633510973292
55.94262607432978, -3.184596142898083, NW, 55.94262607432978, -3.184596142898083, 931.2900475169605, 864.0133510973292
55.94283820636414, -3.184808274932439, SE, 55.94283820636414, -3.184808274932439, 931.2900475169605, 862.7633510973292
55.94262607432978, -3.184596142898083, NNW, 55.94262607432978, -3.184596142898083, 931.2900475169605, 861.5133510973292
55.94290323818954, -3.1847109479277926, W, 55.94290323818954, -3.1847109479277926, 931.2900475169605, 860.2633510973292
55.94290323818954, -3.185010947927793, NNW, 55.94290323818954, -3.185010947927793, 931.2900475169605, 859.0133510973292
55.94318040204929, -3.1851257529575023, SSE, 55.94318040204929, -3.1851257529575023, 931.2900475169605, 857.7633510973292
55.94290323818954, -3.185010947927793, NE, 55.94290323818954, -3.185010947927793, 931.2900475169605, 856.5133510973292
55.94311537022389, -3.184798815893437, E, 55.94311537022389, -3.184798815893437, 931.2900475169605, 855.2633510973292
55.94311537022389, -3.184498815893437, SW, 55.94311537022389, -3.184498815893437, 931.2900475169605, 854.0133510973292
55.94290323818954, -3.1847109479277926, NNW, 55.94290323818954, -3.1847109479277926, 931.2900475169605, 852.7633510973292
55.94318040204929, -3.184825752957502, ESE, 55.94318040204929, -3.184825752957502, 931.2900475169605, 851.5133510973292
55.94306559701958, -3.1845485890977487, NW, 55.94306559701958, -3.1845485890977487, 931.2900475169605, 850.2633510973292
55.94327772905394, -3.1847607211321045, E, 55.94327772905394, -3.1847607211321045, 931.2900475169605, 849.0133510973292
55.94327772905394, -3.1844607211321043, SSW, 55.94327772905394, -3.1844607211321043, 931.2900475169605, 847.7633510973292
55.94300056519418, -3.184575526161814, NW, 55.94300056519418, -3.184575526161814, 931.2900475169605, 846.5133510973292
55.94321269722854, -3.1847876581961696, SE, 55.94321269722854, -3.1847876581961696, 931.2900475169605, 845.2633510973292
55.94300056519418, -3.184575526161814, WSW, 55.94300056519418, -3.184575526161814, 931.2900475169605, 844.0133510973292
55.94288576016447, -3.1848526900215672, E, 55.94288576016447, -3.1848526900215672, 931.2900475169605, 842.7633510973292
55.94288576016447, -3.184552690021567, NW, 55.94288576016447, -3.184552690021567, 931.2900475169605, 841.5133510973292
55.94309789219883, -3.184764822055923, W, 55.94309789219883, -3.184764822055923, 931.2900475169605, 840.2633510973292
55.94309789219883, -3.185064822055923, NNW, 55.94309789219883, -3.185064822055923, 931.2900475169605, 839.0133510973292
55.943375056058585, -3.1851796270856325, S, 55.943375056058585, -3.1851796270856325, 931.2900475169605, 837.7633510973292
55.94307505605858, -3.1851796270856325, ESE, 55.94307505605858, -3.1851796270856325, 931.2900475169605, 836.5133510973292
55.94296025102887, -3.184902463225879, S, 55.94296025102887, -3.184902463225879, 931.2900475169605, 835.2633510973292
55.94266025102887, -3.184902463225879, WNW, 55.94266025102887, -3.184902463225879, 931.2900475169605, 834.0133510973292
55.94277505605858, -3.1851796270856325, WNW, 55.94277505605858, -3.1851796270856325, 931.2900475169605, 832.7633510973292
55.94288986108829, -3.185456790945386, W, 55.94288986108829, -3.185456790945386, 931.2900475169605, 831.5133510973292
55.94288986108829, -3.185756790945386, WNW, 55.94288986108829, -3.185756790945386, 931.2900475169605, 830.2633510973292
55.943004666118, -3.1860339548051395, SW, 55.943004666118, -3.1860339548051395, 931.2900475169605, 829.0133510973292
55.942792534083644, -3.1862460868394953, N, 55.942792534083644, -3.1862460868394953, 931.2900475169605, 827.7633510973292
55.94309253408365, -3.1862460868394953, S, 55.94309253408365, -3.1862460868394953, 931.2900475169605, 826.5133510973292
55.942792534083644, -3.1862460868394953, ESE, 55.942792534083644, -3.1862460868394953, 931.2900475169605, 825.2633510973292
55.94267772905393, -3.185968922979742, E, 55.94267772905393, -3.185968922979742, 931.2900475169605, 824.0133510973292
55.94267772905393, -3.1856689229797417, N, 55.94267772905393, -3.1856689229797417, 931.2900475169605, 822.7633510973292
55.942977729053936, -3.1856689229797417, E, 55.942977729053936, -3.1856689229797417, 931.2900475169605, 821.5133510973292
55.942977729053936, -3.1853689229797415, SSE, 55.942977729053936, -3.1853689229797415, 931.2900475169605, 820.2633510973292
55.94270056519418, -3.185254117950032, WNW, 55.94270056519418, -3.185254117950032, 931.2900475169605, 819.0133510973292
55.94281537022389, -3.1855312818097854, NNW, 55.94281537022389, -3.1855312818097854, 931.2900475169605, 817.7633510973292
55.94309253408365, -3.185646086839495, SSW, 55.94309253408365, -3.185646086839495, 931.2900475169605, 816.5133510973292
55.94281537022389, -3.1857608918692044, WNW, 55.94281537022389, -3.1857608918692044, 931.2900475169605, 815.2633510973292
55.9429301752536, -3.186038055728958, SSE, 55.9429301752536, -3.186038055728958, 931.2900475169605, 814.0133510973292
55.942653011393844, -3.1859232506992483, E, 55.942653011393844, -3.1859232506992483, 931.2900475169605, 812.7633510973292
55.942653011393844, -3.185623250699248, NNW, 55.942653011393844, -3.185623250699248, 931.2900475169605, 811.5133510973292
55.9429301752536, -3.1857380557289576, NW, 55.9429301752536, -3.1857380557289576, 931.2900475169605, 810.2633510973292
55.94314230728796, -3.1859501877633134, NE, 55.94314230728796, -3.1859501877633134, 931.2900475169605, 809.0133510973292
55.94335443932231, -3.1857380557289576, N, 55.94335443932231, -3.1857380557289576, 931.2900475169605, 807.7633510973292
55.943654439322316, -3.1857380557289576, NW, 55.943654439322316, -3.1857380557289576, 931.2900475169605, 806.5133510973292
55.94386657135667, -3.1859501877633134, N, 55.94386657135667, -3.1859501877633134, 931.2900475169605, 805.2633510973292
55.944166571356675, -3.1859501877633134, SSE, 55.944166571356675, -3.1859501877633134, 931.2900475169605, 804.0133510973292
55.94388940749692, -3.185835382733604, N, 55.94388940749692, -3.185835382733604, 931.2900475169605, 802.7633510973292
55.94418940749692, -3.185835382733604, WNW, 55.94418940749692, -3.185835382733604, 931.2900475169605, 801.5133510973292
55.94430421252663, -3.1861125465933573, WSW, 55.94430421252663, -3.1861125465933573, 931.2900475169605, 800.2633510973292
55.94418940749692, -3.1863897104531107, WNW, 55.94418940749692, -3.1863897104531107, 931.2900475169605, 799.0133510973292
55.94430421252663, -3.186666874312864, WSW, 55.94430421252663, -3.186666874312864, 931.2900475169605, 797.7633510973292
55.94418940749692, -3.1869440381726175, SW, 55.94418940749692, -3.1869440381726175, 931.2900475169605, 796.5133510973292
55.943977275462565, -3.1871561702069733, NW, 55.943977275462565, -3.1871561702069733, 931.2900475169605, 795.2633510973292
55.94418940749692, -3.187368302241329, NW, 55.94418940749692, -3.187368302241329, 931.2900475169605, 794.0133510973292
55.94440153953128, -3.187580434275685, SSW, 55.94440153953128, -3.187580434275685, 931.2900475169605, 792.7633510973292
55.94412437567152, -3.1876952393053943, SE, 55.94412437567152, -3.1876952393053943, 931.2900475169605, 791.5133510973292
55.943912243637165, -3.1874831072710386, NW, 55.943912243637165, -3.1874831072710386, 931.2900475169605, 790.2633510973292
55.94412437567152, -3.1876952393053943, SSE, 55.94412437567152, -3.1876952393053943, 931.2900475169605, 789.0133510973292
55.943847211811764, -3.187580434275685, W, 55.943847211811764, -3.187580434275685, 931.2900475169605, 787.7633510973292
55.943847211811764, -3.187880434275685, N, 55.943847211811764, -3.187880434275685, 931.2900475169605, 786.5133510973292
55.94414721181177, -3.187880434275685, NNW, 55.94414721181177, -3.187880434275685, 931.2900475169605, 785.2633510973292
55.944424375671524, -3.1879952393053945, NNW, 55.944424375671524, -3.1879952393053945, 931.2900475169605, 784.0133510973292
55.94470153953128, -3.188110044335104, WSW, 55.94470153953128, -3.188110044335104, 931.2900475169605, 782.7633510973292
55.94458673450157, -3.1883872081948574, SSW, 55.94458673450157, -3.1883872081948574, 931.2900475169605, 781.5133510973292
55.94430957064181, -3.188502013224567, NNE, 55.94430957064181, -3.188502013224567, 931.2900475169605, 780.2633510973292
55.94458673450157, -3.1883872081948574, ENE, 55.94458673450157, -3.1883872081948574, 931.2900475169605, 779.0133510973292
55.94470153953128, -3.188110044335104, E, 55.94470153953128, -3.188110044335104, 884.7851320267869, 693.3511791304709
55.94470153953128, -3.187810044335104, WNW, 55.94470153953128, -3.187810044335104, 884.7851320267869, 692.1011791304709
55.94481634456099, -3.1880872081948572, ENE, 55.94481634456099, -3.1880872081948572, 884.7851320267869, 690.8511791304709
55.9449311495907, -3.187810044335104, NNE, 55.9449311495907, -3.187810044335104, 884.7851320267869, 689.6011791304709
55.94520831345046, -3.1876952393053943, S, 55.94520831345046, -3.1876952393053943, 884.7851320267869, 688.3511791304709
55.944908313450455, -3.1876952393053943, SW, 55.944908313450455, -3.1876952393053943, 884.7851320267869, 687.1011791304709
55.9446961814161, -3.18790737133975, NE, 55.9446961814161, -3.18790737133975, 884.7851320267869, 685.8511791304709
55.944908313450455, -3.1876952393053943, WNW, 55.944908313450455, -3.1876952393053943, 884.7851320267869, 684.6011791304709
55.945023118480165, -3.1879724031651477, W, 55.945023118480165, -3.1879724031651477, 884.7851320267869, 683.3511791304709
55.945023118480165, -3.188272403165148, ENE, 55.945023118480165, -3.188272403165148, 884.7851320267869, 682.1011791304709
55.945137923509876, -3.1879952393053945, NNE, 55.945137923509876, -3.1879952393053945, 884.7851320267869, 680.8511791304709
55.94541508736963, -3.187880434275685, NNW, 55.94541508736963, -3.187880434275685, 884.7851320267869, 679.6011791304709
55.94569225122939, -3.1879952393053945, SSE, 55.94569225122939, -3.1879952393053945, 884.7851320267869, 678.3511791304709
55.94541508736963, -3.187880434275685, W, 55.94541508736963, -3.187880434275685, 884.7851320267869, 677.1011791304709
55.94541508736963, -3.188180434275685, SW, 55.94541508736963, -3.188180434275685, 846.2462281511127, 661.350182335107
55.945202955335276, -3.188392566310041, SE, 55.945202955335276, -3.188392566310041, 846.2462281511127, 660.100182335107
55.94499082330092, -3.188180434275685, SE, 55.94499082330092, -3.188180434275685, 846.2462281511127, 658.850182335107
55.94477869126656, -3.1879683022413294, SSE, 55.94477869126656, -3.1879683022413294, 846.2462281511127, 657.600182335107
55.94450152740681, -3.18785349721162, S, 55.94450152740681, -3.18785349721162, 846.2462281511127, 656.350182335107
55.944201527406804, -3.18785349721162, NNE, 55.944201527406804, -3.18785349721162, 846.2462281511127, 655.100182335107
55.94447869126656, -3.1877386921819104, N, 55.94447869126656, -3.1877386921819104, 846.2462281511127, 653.850182335107
55.94477869126656, -3.1877386921819104, W, 55.94477869126656, -3.1877386921819104, 846.2462281511127, 652.600182335107
55.94477869126656, -3.1880386921819106, NW, 55.94477869126656, -3.1880386921819106, 846.2462281511127, 651.350182335107
55.94499082330092, -3.1882508242162664, WNW, 55.94499082330092, -3.1882508242162664, 846.2462281511127, 650.100182335107
55.94510562833063, -3.18852798807602, NE, 55.94510562833063, -3.18852798807602, 846.2462281511127, 648.850182335107
55.945317760364986, -3.188315856041664, SSE, 55.945317760364986, -3.188315856041664, 846.2462281511127, 647.600182335107
55.94504059650523, -3.1882010510119545, E, 55.94504059650523, -3.1882010510119545, 846.2462281511127, 646.350182335107
55.94504059650523, -3.1879010510119543, WSW, 55.94504059650523, -3.1879010510119543, 846.2462281511127, 645.100182335107
55.94492579147552, -3.1881782148717077, WSW, 55.94492579147552, -3.1881782148717077, 846.2462281511127, 643.850182335107
55.94481098644581, -3.188455378731461, SE, 55.94481098644581, -3.188455378731461, 846.2462281511127, 642.600182335107
55.94459885441145, -3.1882432466971053, S, 55.94459885441145, -3.1882432466971053, 846.2462281511127, 641.350182335107
55.94429885441145, -3.1882432466971053, SSW, 55.94429885441145, -3.1882432466971053, 846.2462281511127, 640.100182335107
55.94402169055169, -3.188358051726815, NE, 55.94402169055169, -3.188358051726815, 846.2462281511127, 638.850182335107
55.94423382258605, -3.188145919692459, W, 55.94423382258605, -3.188145919692459, 846.2462281511127, 637.600182335107
55.94423382258605, -3.1884459196924593, SSE, 55.94423382258605, -3.1884459196924593, 733.6916123835889, 579.2992014323953
55.94395665872629, -3.1883311146627498, SE, 55.94395665872629, -3.1883311146627498, 733.6916123835889, 578.0492014323953
55.94374452669194, -3.188118982628394, NNW, 55.94374452669194, -3.188118982628394, 733.6916123835889, 576.7992014323953
55.94402169055169, -3.1882337876581035, NNE, 55.94402169055169, -3.1882337876581035, 733.6916123835889, 575.5492014323953
55.94429885441145, -3.188118982628394, NNE, 55.94429885441145, -3.188118982628394, 733.6916123835889, 574.2992014323953
55.944576018271206, -3.1880041775986845, NNW, 55.944576018271206, -3.1880041775986845, 733.6916123835889, 573.0492014323953
55.94485318213096, -3.188118982628394, W, 55.94485318213096, -3.188118982628394, 733.6916123835889, 571.7992014323953
55.94485318213096, -3.188418982628394, WSW, 55.94485318213096, -3.188418982628394, 733.6916123835889, 570.5492014323953
55.94473837710125, -3.1886961464881476, NW, 55.94473837710125, -3.1886961464881476, 733.6916123835889, 569.2992014323953
55.94495050913561, -3.1889082785225034, WSW, 55.94495050913561, -3.1889082785225034, 714.559504522728, 547.5104413120903
55.9448357041059, -3.1891854423822568, SW, 55.9448357041059, -3.1891854423822568, 714.559504522728, 546.2604413120903
55.94462357207154, -3.1893975744166125, ESE, 55.94462357207154, -3.1893975744166125, 714.559504522728, 545.0104413120903
55.94450876704183, -3.189120410556859, N, 55.94450876704183, -3.189120410556859, 714.559504522728, 543.7604413120903
55.944808767041835, -3.189120410556859, ENE, 55.944808767041835, -3.189120410556859, 714.559504522728, 542.5104413120903
55.944923572071545, -3.1888432466971057, ENE, 55.944923572071545, -3.1888432466971057, 714.559504522728, 541.2604413120903
55.945038377101255, -3.1885660828373523, N, 55.945038377101255, -3.1885660828373523, 714.559504522728, 540.0104413120903
55.94533837710126, -3.1885660828373523, NE, 55.94533837710126, -3.1885660828373523, 714.559504522728, 538.7604413120903
55.945550509135614, -3.1883539508029966, WNW, 55.945550509135614, -3.1883539508029966, 698.8872544677746, 532.7411561706716
55.945665314165325, -3.18863111466275, ENE, 55.945665314165325, -3.18863111466275, 698.8872544677746, 531.4911561706716
55.945780119195035, -3.1883539508029966, NW, 55.945780119195035, -3.1883539508029966, 698.8872544677746, 530.2411561706716
55.94599225122939, -3.1885660828373523, SSE, 55.94599225122939, -3.1885660828373523, 698.8872544677746, 528.9911561706716
55.945715087369635, -3.188451277807643, NW, 55.945715087369635, -3.188451277807643, 698.8872544677746, 527.7411561706716
55.94592721940399, -3.1886634098419986, NE, 55.94592721940399, -3.1886634098419986, 698.8872544677746, 526.4911561706716
55.94613935143835, -3.188451277807643, S, 55.94613935143835, -3.188451277807643, 698.8872544677746, 525.2411561706716