55.944425, -3.188396, NNE, 55.944425, -3.188396, 0.0, 248.75
55.94470216385976, -3.1882811949702905, NNE, 55.94470216385976, -3.1882811949702905, 65.92199, 367.74637
55.944979327719516, -3.188166389940581, E, 55.944979327719516, -3.188166389940581, 143.22195, 478.19644
55.944979327719516, -3.187866389940581, W, 55.944979327719516, -3.187866389940581, 143.22195, 476.94644
55.944979327719516, -3.188166389940581, W, 55.944979327719516, -3.188166389940581, 143.22195, 475.69644
55.944979327719516, -3.188466389940581, WNW, 55.944979327719516, -3.188466389940581, 237.85938, 508.74585
55.945094132749226, -3.1887435538003346, SW, 55.945094132749226, -3.1887435538003346, 237.85938, 507.49585
55.94488200071487, -3.1889556858346904, W, 55.94488200071487, -3.1889556858346904, 237.85938, 506.24585
55.94488200071487, -3.1892556858346905, W, 55.94488200071487, -3.1892556858346905, 321.39917, 555.0857
55.94488200071487, -3.1895556858346907, NW, 55.94488200071487, -3.1895556858346907, 321.39917, 553.8357
55.945094132749226, -3.1897678178690465, NW, 55.945094132749226, -3.1897678178690465, 321.39917, 552.5857
55.94530626478358, -3.1899799499034023, NW, 55.94530626478358, -3.1899799499034023, 321.39917, 551.3357
55.94551839681794, -3.190192081937758, NNW, 55.94551839681794, -3.190192081937758, 321.39917, 550.0857
55.945795560677695, -3.1903068869674676, NW, 55.945795560677695, -3.1903068869674676, 444.07886, 587.3186
55.94600769271205, -3.1905190190018233, SW, 55.94600769271205, -3.1905190190018233, 538.31586, 624.2347
55.945795560677695, -3.190731151036179, WSW, 55.945795560677695, -3.190731151036179, 538.31586, 622.9847
55.945680755647984, -3.1910083148959325, WSW, 55.945680755647984, -3.1910083148959325, 612.474, 671.7852
55.945565950618274, -3.191285478755686, W, 55.945565950618274, -3.191285478755686, 612.474, 670.5352
55.945565950618274, -3.191585478755686, W, 55.945565950618274, -3.191585478755686, 719.9274, 708.4796
55.945565950618274, -3.1918854787556863, WSW, 55.945565950618274, -3.1918854787556863, 840.49725, 767.50244
55.945451145588564, -3.1921626426154397, SSE, 55.945451145588564, -3.1921626426154397, 840.49725, 766.25244
55.94517398172881, -3.19204783758573, SSE, 55.94517398172881, -3.19204783758573, 840.49725, 765.00244
55.94489681786905, -3.1919330325560207, SSE, 55.94489681786905, -3.1919330325560207, 937.3017, 883.2779
55.944619654009294, -3.191818227526311, ENE, 55.944619654009294, -3.191818227526311, 937.3017, 882.0279
55.944734459039005, -3.1915410636665578, ENE, 55.944734459039005, -3.1915410636665578, 990.17395, 969.632
55.944849264068715, -3.1912638998068044, SE, 55.944849264068715, -3.1912638998068044, 990.17395, 968.382
55.94463713203436, -3.1910517677724486, SE, 55.94463713203436, -3.1910517677724486, 990.17395, 967.132
55.944425, -3.190839635738093, SE, 55.944425, -3.190839635738093, 990.17395, 965.882
55.944212867965646, -3.190627503703737, SE, 55.944212867965646, -3.190627503703737, 990.17395, 964.632
55.94400073593129, -3.1904153716693813, ESE, 55.94400073593129, -3.1904153716693813, 990.17395, 963.382
55.94388593090158, -3.190138207809628, ESE, 55.94388593090158, -3.190138207809628, 990.17395, 962.132
55.94377112587187, -3.1898610439498745, E, 55.94377112587187, -3.1898610439498745, 1072.4034, 969.26807
55.94377112587187, -3.1895610439498743, E, 55.94377112587187, -3.1895610439498743, 1072.4034, 968.01807
55.94377112587187, -3.189261043949874, E, 55.94377112587187, -3.189261043949874, 1114.8733, 1020.8524
55.94377112587187, -3.188961043949874, ENE, 55.94377112587187, -3.188961043949874, 1211.5994, 1045.2429
55.94388593090158, -3.1886838800901205, SSW, 55.94388593090158, -3.1886838800901205, 1211.5994, 1043.9929
55.94360876704182, -3.18879868511983, SW, 55.94360876704182, -3.18879868511983, 1211.5994, 1042.7429
55.94339663500747, -3.1890108171541858, SSW, 55.94339663500747, -3.1890108171541858, 1211.5994, 1041.4929
55.94311947114771, -3.1891256221838953, SW, 55.94311947114771, -3.1891256221838953, 1329.2463, 1068.096
55.942907339113354, -3.189337754218251, E, 55.942907339113354, -3.189337754218251, 1329.2463, 1066.846
55.942907339113354, -3.189037754218251, E, 55.942907339113354, -3.189037754218251, 1329.2463, 1065.596
55.942907339113354, -3.1887377542182507, E, 55.942907339113354, -3.1887377542182507, 1354.5674, 1166.3646
55.942907339113354, -3.1884377542182505, E, 55.942907339113354, -3.1884377542182505, 1358.6589, 1177.098
55.942907339113354, -3.1881377542182503, E, 55.942907339113354, -3.1881377542182503, 1358.6589, 1175.848
55.942907339113354, -3.18783775421825, ESE, 55.942907339113354, -3.18783775421825, 1450.967, 1268.6711
55.942792534083644, -3.1875605903584967, NE, 55.942792534083644, -3.1875605903584967, 1450.967, 1267.4211
55.943004666118, -3.187348458324141, NE, 55.943004666118, -3.187348458324141, 1549.9897, 1373.414
55.943216798152356, -3.187136326289785, E, 55.943216798152356, -3.187136326289785, 1549.9897, 1372.164
55.943216798152356, -3.186836326289785, ESE, 55.943216798152356, -3.186836326289785, 1573.2905, 1438.7208
55.943101993122646, -3.1865591624300316, E, 55.943101993122646, -3.1865591624300316, 1573.2905, 1437.4708
55.943101993122646, -3.1862591624300314, ESE, 55.943101993122646, -3.1862591624300314, 1692.7128, 1531.6162
55.942987188092935, -3.185981998570278, N, 55.942987188092935, -3.185981998570278, 1692.7128, 1530.3662
55.94328718809294, -3.185981998570278, WNW, 55.94328718809294, -3.185981998570278, 1692.7128, 1529.1162
55.94340199312265, -3.1862591624300314, N, 55.94340199312265, -3.1862591624300314, 1692.7128, 1527.8662
55.94370199312265, -3.1862591624300314, NNE, 55.94370199312265, -3.1862591624300314, 1692.7128, 1526.6162
55.94397915698241, -3.186144357400322, N, 55.94397915698241, -3.186144357400322, 1800.8496, 1605.2717
55.94427915698241, -3.186144357400322, ENE, 55.94427915698241, -3.186144357400322, 1835.9597, 1607.3325
55.94439396201212, -3.1858671935405685, ENE, 55.94439396201212, -3.1858671935405685, 1937.6865, 1715.3754
55.94450876704183, -3.185590029680815, ENE, 55.94450876704183, -3.185590029680815, 1937.6865, 1714.1254
55.94462357207154, -3.1853128658210617, E, 55.94462357207154, -3.1853128658210617, 1937.6865, 1712.8754
55.94462357207154, -3.1850128658210615, ENE, 55.94462357207154, -3.1850128658210615, 2053.3684, 1760.9073
55.94473837710125, -3.184735701961308, NNE, 55.94473837710125, -3.184735701961308, 2085.1555, 1789.7532
55.94501554096101, -3.1846208969315986, NNE, 55.94501554096101, -3.1846208969315986, 2085.1555, 1788.5032
55.945292704820766, -3.184506091901889, N, 55.945292704820766, -3.184506091901889, 2105.1565, 1834.8181
55.94559270482077, -3.184506091901889, NNE, 55.94559270482077, -3.184506091901889, 2186.9314, 1952.9503
55.945869868680525, -3.1843912868721795, N, 55.945869868680525, -3.1843912868721795, 2213.9656, 1984.3364
55.94616986868053, -3.1843912868721795, W, 55.94616986868053, -3.1843912868721795, 2213.9656, 1983.0864
55.94616986868053, -3.1846912868721797, WSW, 55.94616986868053, -3.1846912868721797, 2213.9656, 1981.8364
55.94605506365082, -3.184968450731933, WSW, 55.94605506365082, -3.184968450731933, 2213.9656, 1980.5864
55.94594025862111, -3.1852456145916865, W, 55.94594025862111, -3.1852456145916865, 2213.9656, 1979.3364
55.94594025862111, -3.1855456145916867, W, 55.94594025862111, -3.1855456145916867, 2213.9656, 1978.0864
55.94594025862111, -3.185845614591687, WSW, 55.94594025862111, -3.185845614591687, 2333.247, 2095.0293
55.9458254535914, -3.1861227784514403, SSW, 55.9458254535914, -3.1861227784514403, 2333.247, 2093.7793
55.94554828973164, -3.18623758348115, SSW, 55.94554828973164, -3.18623758348115, 2333.247, 2092.5293
55.945271125871884, -3.1863523885108593, SSW, 55.945271125871884, -3.1863523885108593, 2333.247, 2091.2793
55.94499396201213, -3.186467193540569, SSW, 55.94499396201213, -3.186467193540569, 2333.247, 2090.0293
55.94471679815237, -3.1865819985702784, SSW, 55.94471679815237, -3.1865819985702784, 2368.9915, 2097.7493
55.944439634292614, -3.186696803599988, NNW, 55.944439634292614, -3.186696803599988, 2368.9915, 2096.4993
55.94471679815237, -3.1868116086296974, NNW, 55.94471679815237, -3.1868116086296974, 2368.9915, 2095.2493
55.94499396201213, -3.186926413659407, NNW, 55.94499396201213, -3.186926413659407, 2368.9915, 2093.9993
55.945271125871884, -3.1870412186891164, NNW, 55.945271125871884, -3.1870412186891164, 2368.9915, 2092.7493
55.94554828973164, -3.187156023718826, N, 55.94554828973164, -3.187156023718826, 2368.9915, 2091.4993
55.94584828973164, -3.187156023718826, NNW, 55.94584828973164, -3.187156023718826, 2393.84, 2148.0352
55.9461254535914, -3.1872708287485354, WSW, 55.9461254535914, -3.1872708287485354, 2393.84, 2146.7852
55.94601064856169, -3.187547992608289, WSW, 55.94601064856169, -3.187547992608289, 2393.84, 2145.5352
55.94589584353198, -3.187825156468042, WSW, 55.94589584353198, -3.187825156468042, 2393.84, 2144.2852
55.94578103850227, -3.1881023203277956, SW, 55.94578103850227, -3.1881023203277956, 2393.84, 2143.0352
55.94556890646791, -3.1883144523621514, SW, 55.94556890646791, -3.1883144523621514, 2393.84, 2141.7852
55.945356774433556, -3.188526584396507, WSW, 55.945356774433556, -3.188526584396507, 2393.84, 2140.5352
55.945241969403845, -3.1888037482562606, SSW, 55.945241969403845, -3.1888037482562606, 2393.84, 2139.2852
55.94496480554409, -3.18891855328597, WSW, 55.94496480554409, -3.18891855328597, 2393.84, 2138.0352
55.94485000051438, -3.1891957171457235, WSW, 55.94485000051438, -3.1891957171457235, 2393.84, 2136.7852
55.94473519548467, -3.189472881005477, SW, 55.94473519548467, -3.189472881005477, 2393.84, 2135.5352
55.94452306345031, -3.1896850130398327, WSW, 55.94452306345031, -3.1896850130398327, 2393.84, 2134.2852
55.9444082584206, -3.189962176899586, SW, 55.9444082584206, -3.189962176899586, 2393.84, 2133.0352
55.944196126386245, -3.190174308933942, SW, 55.944196126386245, -3.190174308933942, 2393.84, 2131.7852
55.94398399435189, -3.1903864409682976, WNW, 55.94398399435189, -3.1903864409682976, 2393.84, 2130.5352
55.9440987993816, -3.190663604828051, WSW, 55.9440987993816, -3.190663604828051, 2393.84, 2129.2852
55.94398399435189, -3.1909407686878044, WSW, 55.94398399435189, -3.1909407686878044, 2393.84, 2128.0352
55.94386918932218, -3.191217932547558, WSW, 55.94386918932218, -3.191217932547558, 2393.84, 2126.7852
55.94375438429247, -3.191495096407311, WSW, 55.94375438429247, -3.191495096407311, 2393.84, 2125.5352
55.94363957926276, -3.1917722602670646, WSW, 55.94363957926276, -3.1917722602670646, 2393.84, 2124.2852
55.94352477423305, -3.192049424126818, SW, 55.94352477423305, -3.192049424126818, 2464.344, 2210.9565
55.94331264219869, -3.192261556161174, E, 55.94331264219869, -3.192261556161174, 2464.344, 2209.7065
55.94331264219869, -3.1919615561611736, E, 55.94331264219869, -3.1919615561611736, 2464.344, 2208.4565
55.94331264219869, -3.1916615561611734, E, 55.94331264219869, -3.1916615561611734, 2464.344, 2207.2065
55.94331264219869, -3.1913615561611732, E, 55.94331264219869, -3.1913615561611732, 2464.344, 2205.9565
55.94331264219869, -3.191061556161173, E, 55.94331264219869, -3.191061556161173, 2464.344, 2204.7065
55.94331264219869, -3.190761556161173, ENE, 55.94331264219869, -3.190761556161173, 2464.344, 2203.4565
55.9434274472284, -3.1904843923014194, E, 55.9434274472284, -3.1904843923014194, 2464.344, 2202.2065
55.9434274472284, -3.1901843923014193, E, 55.9434274472284, -3.1901843923014193, 2464.344, 2200.9565
55.9434274472284, -3.189884392301419, E, 55.9434274472284, -3.189884392301419, 2464.344, 2199.7065
55.9434274472284, -3.189584392301419, E, 55.9434274472284, -3.189584392301419, 2464.344, 2198.4565
55.9434274472284, -3.1892843923014187, E, 55.9434274472284, -3.1892843923014187, 2464.344, 2197.2065
55.9434274472284, -3.1889843923014185, E, 55.9434274472284, -3.1889843923014185, 2464.344, 2195.9565
55.9434274472284, -3.1886843923014183, E, 55.9434274472284, -3.1886843923014183, 2464.344, 2194.7065
55.9434274472284, -3.188384392301418, E, 55.9434274472284, -3.188384392301418, 2482.484, 2208.0322
55.9434274472284, -3.188084392301418, NNE, 55.9434274472284, -3.188084392301418, 2482.484, 2206.7822
55.94370461108816, -3.1879695872717084, NNE, 55.94370461108816, -3.1879695872717084, 2482.484, 2205.5322
55.943981774947915, -3.187854782241999, N, 55.943981774947915, -3.187854782241999, 2482.484, 2204.2822
55.94428177494792, -3.187854782241999, NNE, 55.94428177494792, -3.187854782241999, 2482.484, 2203.0322
55.944558938807674, -3.1877399772122894, N, 55.944558938807674, -3.1877399772122894, 2486.7717, 2206.3218
55.94485893880768, -3.1877399772122894, E, 55.94485893880768, -3.1877399772122894, 2486.7717, 2205.0718
55.94485893880768, -3.187439977212289, ENE, 55.94485893880768, -3.187439977212289, 2486.7717, 2203.8218
55.94497374383739, -3.187162813352536, E, 55.94497374383739, -3.187162813352536, 2486.7717, 2202.5718
55.94497374383739, -3.1868628133525356, ENE, 55.94497374383739, -3.1868628133525356, 2486.7717, 2201.3218
55.9450885488671, -3.1865856494927822, ENE, 55.9450885488671, -3.1865856494927822, 2486.7717, 2200.0718
55.94520335389681, -3.186308485633029, NE, 55.94520335389681, -3.186308485633029, 2486.7717, 2198.8218
55.945415485931164, -3.186096353598673, E, 55.945415485931164, -3.186096353598673, 2486.7717, 2197.5718
55.945415485931164, -3.185796353598673, E, 55.945415485931164, -3.185796353598673, 2486.7717, 2196.3218
55.945415485931164, -3.1854963535986727, E, 55.945415485931164, -3.1854963535986727, 2489.9106, 2236.0356
55.945415485931164, -3.1851963535986725, SSW, 55.945415485931164, -3.1851963535986725, 2489.9106, 2234.7856
55.94513832207141, -3.185311158628382, SSW, 55.94513832207141, -3.185311158628382, 2489.9106, 2233.5356
55.94486115821165, -3.1854259636580915, SSW, 55.94486115821165, -3.1854259636580915, 2489.9106, 2232.2856
55.944583994351895, -3.185540768687801, SW, 55.944583994351895, -3.185540768687801, 2489.9106, 2231.0356
55.94437186231754, -3.1857529007221568, S, 55.94437186231754, -3.1857529007221568, 2492.088, 2284.1003
55.944071862317536, -3.1857529007221568, WNW, 55.944071862317536, -3.1857529007221568, 2492.088, 2282.8503
55.944186667347246, -3.18603006458191, SE, 55.944186667347246, -3.18603006458191, 2492.088, 2281.6003
55.94397453531289, -3.1858179325475544, NW, 55.94397453531289, -3.1858179325475544, 2492.088, 2280.3503
55.944186667347246, -3.18603006458191, SSE, 55.944186667347246, -3.18603006458191, 2492.088, 2279.1003
55.94390950348749, -3.1859152595522007, NNW, 55.94390950348749, -3.1859152595522007, 2492.088, 2277.8503
55.944186667347246, -3.18603006458191, E, 55.944186667347246, -3.18603006458191, 2492.088, 2276.6003
55.944186667347246, -3.18573006458191, W, 55.944186667347246, -3.18573006458191, 2492.088, 2275.3503
55.944186667347246, -3.18603006458191, WSW, 55.944186667347246, -3.18603006458191, 2492.088, 2274.1003
55.944071862317536, -3.1863072284416636, SE, 55.944071862317536, -3.1863072284416636, 2492.088, 2272.8503
55.94385973028318, -3.186095096407308, N, 55.94385973028318, -3.186095096407308, 2492.088, 2271.6003
55.94415973028318, -3.186095096407308, NNW, 55.94415973028318, -3.186095096407308, 2492.088, 2270.3503
55.94443689414294, -3.1862099014370173, S, 55.94443689414294, -3.1862099014370173, 2492.088, 2269.1003
55.944136894142936, -3.1862099014370173, SW, 55.944136894142936, -3.1862099014370173, 2492.088, 2267.8503
55.94392476210858, -3.186422033471373, WNW, 55.94392476210858, -3.186422033471373, 2492.088, 2266.6003
55.94403956713829, -3.1866991973311265, ENE, 55.94403956713829, -3.1866991973311265, 2492.088, 2265.3503
55.944154372168, -3.186422033471373, SSW, 55.944154372168, -3.186422033471373, 2492.088, 2264.1003
55.943877208308244, -3.1865368385010826, SSW, 55.943877208308244, -3.1865368385010826, 2492.088, 2262.8503
55.94360004444849, -3.186651643530792, ESE, 55.94360004444849, -3.186651643530792, 2492.088, 2261.6003
55.94348523941878, -3.1863744796710387, N, 55.94348523941878, -3.1863744796710387, 2492.088, 2260.3503
55.94378523941878, -3.1863744796710387, S, 55.94378523941878, -3.1863744796710387, 2492.088, 2259.1003
55.94348523941878, -3.1863744796710387, SSW, 55.94348523941878, -3.1863744796710387, 2492.088, 2257.8503
55.94320807555902, -3.186489284700748, NW, 55.94320807555902, -3.186489284700748, 2492.088, 2256.6003
55.94342020759338, -3.186701416735104, SW, 55.94342020759338, -3.186701416735104, 2492.088, 2255.3503
55.94320807555902, -3.1869135487694598, WSW, 55.94320807555902, -3.1869135487694598, 2492.088, 2254.1003
55.94309327052931, -3.187190712629213, WNW, 55.94309327052931, -3.187190712629213, 2492.088, 2252.8503
55.94320807555902, -3.1874678764889666, NE, 55.94320807555902, -3.1874678764889666, 2492.088, 2251.6003
55.94342020759338, -3.187255744454611, ENE, 55.94342020759338, -3.187255744454611, 2492.088, 2250.3503
55.94353501262309, -3.1869785805948574, W, 55.94353501262309, -3.1869785805948574, 2492.088, 2249.1003
55.94353501262309, -3.1872785805948576, ENE, 55.94353501262309, -3.1872785805948576, 2492.088, 2247.8503
55.9436498176528, -3.187001416735104, SE, 55.9436498176528, -3.187001416735104, 2492.088, 2246.6003
55.94343768561844, -3.1867892847007484, ESE, 55.94343768561844, -3.1867892847007484, 2492.088, 2245.3503
55.94332288058873, -3.186512120840995, NE, 55.94332288058873, -3.186512120840995, 2492.088, 2244.1003
55.94353501262309, -3.1862999888066392, S, 55.94353501262309, -3.1862999888066392, 2492.088, 2242.8503
55.943235012623084, -3.1862999888066392, SW, 55.943235012623084, -3.1862999888066392, 2492.088, 2241.6003
55.94302288058873, -3.186512120840995, N, 55.94302288058873, -3.186512120840995, 2492.088, 2240.3503
55.94332288058873, -3.186512120840995, E, 55.94332288058873, -3.186512120840995, 2492.088, 2239.1003
55.94332288058873, -3.186212120840995, NNW, 55.94332288058873, -3.186212120840995, 2492.088, 2237.8503
55.94360004444849, -3.1863269258707043, SSE, 55.94360004444849, -3.1863269258707043, 2492.088, 2236.6003
55.94332288058873, -3.186212120840995, NW, 55.94332288058873, -3.186212120840995, 2492.088, 2235.3503
55.94353501262309, -3.1864242528753506, WSW, 55.94353501262309, -3.1864242528753506, 2492.088, 2234.1003
55.94342020759338, -3.186701416735104, W, 55.94342020759338, -3.186701416735104, 2492.088, 2232.8503
55.94342020759338, -3.187001416735104, N, 55.94342020759338, -3.187001416735104, 2492.088, 2231.6003
55.94372020759338, -3.187001416735104, W, 55.94372020759338, -3.187001416735104, 2492.088, 2230.3503
55.94372020759338, -3.1873014167351044, SSE, 55.94372020759338, -3.1873014167351044, 2492.088, 2229.1003
55.94344304373362, -3.187186611705395, NE, 55.94344304373362, -3.187186611705395, 2492.088, 2227.8503
55.94365517576798, -3.186974479671039, N, 55.94365517576798, -3.186974479671039, 2492.088, 2226.6003
55.94395517576798, -3.186974479671039, S, 55.94395517576798, -3.186974479671039, 2492.088, 2225.3503
55.94365517576798, -3.186974479671039, NNW, 55.94365517576798, -3.186974479671039, 2492.088, 2224.1003
55.943932339627736, -3.1870892847007486, SE, 55.943932339627736, -3.1870892847007486, 2492.088, 2222.8503
55.94372020759338, -3.186877152666393, N, 55.94372020759338, -3.186877152666393, 2492.088, 2221.6003
55.94402020759338, -3.186877152666393, S, 55.94402020759338, -3.186877152666393, 2492.088, 2220.3503
55.94372020759338, -3.186877152666393, WNW, 55.94372020759338, -3.186877152666393, 2492.088, 2219.1003
55.94383501262309, -3.1871543165261462, W, 55.94383501262309, -3.1871543165261462, 2492.088, 2217.8503
55.94383501262309, -3.1874543165261464, SE, 55.94383501262309, -3.1874543165261464, 2492.088, 2216.6003
55.943622880588734, -3.1872421844917906, ENE, 55.943622880588734, -3.1872421844917906, 2492.088, 2215.3503
55.943737685618444, -3.1869650206320372, NW, 55.943737685618444, -3.1869650206320372, 2492.088, 2214.1003
55.9439498176528, -3.187177152666393, E, 55.9439498176528, -3.187177152666393, 2492.088, 2212.8503
55.9439498176528, -3.186877152666393, NE, 55.9439498176528, -3.186877152666393, 2492.088, 2211.6003
55.94416194968716, -3.186665020632037, E, 55.94416194968716, -3.186665020632037, 2492.088, 2210.3503
55.94416194968716, -3.186365020632037, SE, 55.94416194968716, -3.186365020632037, 2492.088, 2209.1003
55.9439498176528, -3.186152888597681, WNW, 55.9439498176528, -3.186152888597681, 2492.088, 2207.8503
55.94406462268251, -3.1864300524574345, NNE, 55.94406462268251, -3.1864300524574345, 2492.088, 2206.6003
55.94434178654227, -3.186315247427725, S, 55.94434178654227, -3.186315247427725, 2492.088, 2205.3503
55.944041786542265, -3.186315247427725, NNW, 55.944041786542265, -3.186315247427725, 2492.088, 2204.1003
55.94431895040202, -3.1864300524574345, E, 55.94431895040202, -3.1864300524574345, 2492.088, 2202.8503
55.94431895040202, -3.1861300524574343, NNW, 55.94431895040202, -3.1861300524574343, 2492.088, 2201.6003
55.94459611426178, -3.186244857487144, S, 55.94459611426178, -3.186244857487144, 2492.088, 2200.3503
55.944296114261775, -3.186244857487144, ESE, 55.944296114261775, -3.186244857487144, 2492.088, 2199.1003
55.944181309232064, -3.1859676936273904, WNW, 55.944181309232064, -3.1859676936273904, 2492.088, 2197.8503
55.944296114261775, -3.186244857487144, E, 55.944296114261775, -3.186244857487144, 2492.088, 2196.6003
55.944296114261775, -3.1859448574871436, WSW, 55.944296114261775, -3.1859448574871436, 2492.088, 2195.3503
55.944181309232064, -3.186222021346897, NNE, 55.944181309232064, -3.186222021346897, 2492.088, 2194.1003
55.94445847309182, -3.1861072163171875, WNW, 55.94445847309182, -3.1861072163171875, 2492.088, 2192.8503
55.94457327812153, -3.186384380176941, NNW, 55.94457327812153, -3.186384380176941, 2492.088, 2191.6003
55.94485044198129, -3.1864991852066504, SW, 55.94485044198129, -3.1864991852066504, 2492.088, 2190.3503
55.94463830994693, -3.186711317241006, NNW, 55.94463830994693, -3.186711317241006, 2492.088, 2189.1003
55.94491547380669, -3.1868261222707157, NNW, 55.94491547380669, -3.1868261222707157, 2492.088, 2187.8503
55.945192637666445, -3.186940927300425, E, 55.945192637666445, -3.186940927300425, 2492.088, 2186.6003
55.945192637666445, -3.186640927300425, W, 55.945192637666445, -3.186640927300425, 2492.088, 2185.3503
55.945192637666445, -3.186940927300425, NNW, 55.945192637666445, -3.186940927300425, 2492.088, 2184.1003
55.9454698015262, -3.1870557323301347, S, 55.9454698015262, -3.1870557323301347, 2492.088, 2182.8503
55.9451698015262, -3.1870557323301347, SSW, 55.9451698015262, -3.1870557323301347, 2492.088, 2181.6003
55.94489263766644, -3.1871705373598442, WSW, 55.94489263766644, -3.1871705373598442, 2492.088, 2180.3503
55.94477783263673, -3.1874477012195976, SE, 55.94477783263673, -3.1874477012195976, 2492.088, 2179.1003
55.944565700602375, -3.187235569185242, E, 55.944565700602375, -3.187235569185242, 2492.088, 2177.8503
55.944565700602375, -3.1869355691852417, NNE, 55.944565700602375, -3.1869355691852417, 2492.088, 2176.6003
55.94484286446213, -3.186820764155532, ESE, 55.94484286446213, -3.186820764155532, 2492.088, 2175.3503
55.94472805943242, -3.1865436002957788, ENE, 55.94472805943242, -3.1865436002957788, 2492.088, 2174.1003
55.94484286446213, -3.1862664364360254, WNW, 55.94484286446213, -3.1862664364360254, 2492.088, 2172.8503
55.94495766949184, -3.1865436002957788, E, 55.94495766949184, -3.1865436002957788, 2492.088, 2171.6003
55.94495766949184, -3.1862436002957786, NW, 55.94495766949184, -3.1862436002957786, 2492.088, 2170.3503
55.9451698015262, -3.1864557323301343, N, 55.9451698015262, -3.1864557323301343, 2492.088, 2169.1003
55.9454698015262, -3.1864557323301343, SSW, 55.9454698015262, -3.1864557323301343, 2492.088, 2167.8503
55.945192637666445, -3.186570537359844, E, 55.945192637666445, -3.186570537359844, 2492.088, 2166.6003
55.945192637666445, -3.1862705373598437, S, 55.945192637666445, -3.1862705373598437, 2492.088, 2165.3503
55.94489263766644, -3.1862705373598437, SSW, 55.94489263766644, -3.1862705373598437, 2492.088, 2164.1003
55.944615473806685, -3.186385342389553, SE, 55.944615473806685, -3.186385342389553, 2492.088, 2162.8503
55.94440334177233, -3.1861732103551974, SE, 55.94440334177233, -3.1861732103551974, 2492.088, 2161.6003
55.94419120973797, -3.1859610783208416, WSW, 55.94419120973797, -3.1859610783208416, 2492.088, 2160.3503
55.94407640470826, -3.186238242180595, WSW, 55.94407640470826, -3.186238242180595, 2492.088, 2159.1003
55.94396159967855, -3.1865154060403484, WSW, 55.94396159967855, -3.1865154060403484, 2492.088, 2157.8503
55.94384679464884, -3.186792569900102, S, 55.94384679464884, -3.186792569900102, 2492.088, 2156.6003
55.94354679464884, -3.186792569900102, NW, 55.94354679464884, -3.186792569900102, 2492.088, 2155.3503
55.943758926683195, -3.1870047019344576, SW, 55.943758926683195, -3.1870047019344576, 2492.088, 2154.1003
55.94354679464884, -3.1872168339688134, E, 55.94354679464884, -3.1872168339688134, 2492.088, 2152.8503
55.94354679464884, -3.186916833968813, SSW, 55.94354679464884, -3.186916833968813, 2492.088, 2151.6003
55.94326963078908, -3.1870316389985227, WNW, 55.94326963078908, -3.1870316389985227, 2492.088, 2150.3503
55.94338443581879, -3.187308802858276, SSE, 55.94338443581879, -3.187308802858276, 2492.088, 2149.1003
55.943107271959036, -3.1871939978285666, SSW, 55.943107271959036, -3.1871939978285666, 2492.088, 2147.8503
55.94283010809928, -3.187308802858276, W, 55.94283010809928, -3.187308802858276, 2492.088, 2146.6003
55.94283010809928, -3.1876088028582763, NNW, 55.94283010809928, -3.1876088028582763, 2492.088, 2145.3503
55.943107271959036, -3.187723607887986, ESE, 55.943107271959036, -3.187723607887986, 2492.088, 2144.1003
55.942992466929326, -3.1874464440282324, SW, 55.942992466929326, -3.1874464440282324, 2492.088, 2142.8503
55.94278033489497, -3.187658576062588, NW, 55.94278033489497, -3.187658576062588, 2492.088, 2141.6003