55.944425, -3.188396, ESE, 55.944425, -3.188396, 0.0, 145.13898754627715
55.94431019497029, -3.1881188361402466, WNW, 55.94431019497029, -3.1881188361402466, 102.80047177808827, 223.8711364142502
55.944425, -3.188396, ESE, 55.944425, -3.188396, 44.864603704614, 222.6211364142502
55.94431019497029, -3.1881188361402466, SSE, 55.94431019497029, -3.1881188361402466, 44.864603704614, 221.3711364142502
55.944033031110536, -3.188004031110537, SW, 55.944033031110536, -3.188004031110537, 44.864603704614, 220.1211364142502
55.94382089907618, -3.188216163144893, E, 55.94382089907618, -3.188216163144893, 44.864603704614, 218.8711364142502
55.94382089907618, -3.1879161631448927, W, 55.94382089907618, -3.1879161631448927, 44.864603704614, 217.6211364142502
55.94382089907618, -3.188216163144893, WSW, 55.94382089907618, -3.188216163144893, 44.864603704614, 216.3711364142502
55.94370609404647, -3.1884933270046463, SE, 55.94370609404647, -3.1884933270046463, 44.864603704614, 215.1211364142502
55.94349396201211, -3.1882811949702905, N, 55.94349396201211, -3.1882811949702905, 44.864603704614, 213.8711364142502
55.943793962012116, -3.1882811949702905, NNW, 55.943793962012116, -3.1882811949702905, 44.864603704614, 212.6211364142502
55.94407112587187, -3.188396, NE, 55.94407112587187, -3.188396, 44.864603704614, 211.3711364142502
55.94428325790623, -3.1881838679656442, SW, 55.94428325790623, -3.1881838679656442, 44.864603704614, 210.1211364142502
55.94407112587187, -3.188396, SE, 55.94407112587187, -3.188396, 44.864603704614, 208.8711364142502
55.943858993837516, -3.1881838679656442, ENE, 55.943858993837516, -3.1881838679656442, 44.864603704614, 207.6211364142502
55.943973798867226, -3.187906704105891, SSW, 55.943973798867226, -3.187906704105891, 44.864603704614, 206.3711364142502
55.94369663500747, -3.1880215091356003, SSW, 55.94369663500747, -3.1880215091356003, 44.864603704614, 205.1211364142502
55.94341947114771, -3.18813631416531, ESE, 55.94341947114771, -3.18813631416531, 127.46842586305156, 322.2562407235442
55.943304666118, -3.1878591503055564, SE, 55.943304666118, -3.1878591503055564, 127.46842586305156, 321.0062407235442
55.94309253408365, -3.1876470182712007, W, 55.94309253408365, -3.1876470182712007, 127.46842586305156, 319.7562407235442
55.94309253408365, -3.187947018271201, S, 55.94309253408365, -3.187947018271201, 127.46842586305156, 318.5062407235442
55.942792534083644, -3.187947018271201, NNW, 55.942792534083644, -3.187947018271201, 127.46842586305156, 317.2562407235442
55.9430696979434, -3.1880618233009104, SW, 55.9430696979434, -3.1880618233009104, 127.46842586305156, 316.0062407235442
55.942857565909044, -3.188273955335266, NW, 55.942857565909044, -3.188273955335266, 206.02480472729582, 328.9555945359625
55.9430696979434, -3.188486087369622, WNW, 55.9430696979434, -3.188486087369622, 206.02480472729582, 327.7055945359625
55.94318450297311, -3.1887632512293753, NE, 55.94318450297311, -3.1887632512293753, 206.02480472729582, 326.4555945359625
55.94339663500747, -3.1885511191950195, ENE, 55.94339663500747, -3.1885511191950195, 206.02480472729582, 325.2055945359625
55.94351144003718, -3.188273955335266, W, 55.94351144003718, -3.188273955335266, 206.02480472729582, 323.9555945359625
55.94351144003718, -3.1885739553352663, ENE, 55.94351144003718, -3.1885739553352663, 206.02480472729582, 322.7055945359625
55.94362624506689, -3.188296791475513, SE, 55.94362624506689, -3.188296791475513, 206.02480472729582, 321.4555945359625
55.94341411303253, -3.188084659441157, ESE, 55.94341411303253, -3.188084659441157, 206.02480472729582, 320.2055945359625
55.94329930800282, -3.1878074955814037, NE, 55.94329930800282, -3.1878074955814037, 247.54574675587213, 365.69107677028444
55.94351144003718, -3.187595363547048, SSW, 55.94351144003718, -3.187595363547048, 247.54574675587213, 364.44107677028444
55.94323427617742, -3.1877101685767575, S, 55.94323427617742, -3.1877101685767575, 247.54574675587213, 363.19107677028444
55.94293427617742, -3.1877101685767575, N, 55.94293427617742, -3.1877101685767575, 247.54574675587213, 361.94107677028444
55.94323427617742, -3.1877101685767575, E, 55.94323427617742, -3.1877101685767575, 247.54574675587213, 360.69107677028444
55.94323427617742, -3.1874101685767573, SSE, 55.94323427617742, -3.1874101685767573, 247.54574675587213, 359.44107677028444
55.942957112317664, -3.187295363547048, SSE, 55.942957112317664, -3.187295363547048, 247.54574675587213, 358.19107677028444
55.94267994845791, -3.1871805585173383, NW, 55.94267994845791, -3.1871805585173383, 247.54574675587213, 356.94107677028444
55.942892080492264, -3.187392690551694, NNE, 55.942892080492264, -3.187392690551694, 247.54574675587213, 355.69107677028444
55.94316924435202, -3.1872778855219845, W, 55.94316924435202, -3.1872778855219845, 247.54574675587213, 354.44107677028444
55.94316924435202, -3.1875778855219847, N, 55.94316924435202, -3.1875778855219847, 247.54574675587213, 353.19107677028444
55.94346924435202, -3.1875778855219847, W, 55.94346924435202, -3.1875778855219847, 247.54574675587213, 351.94107677028444
55.94346924435202, -3.187877885521985, SSE, 55.94346924435202, -3.187877885521985, 247.54574675587213, 350.69107677028444
55.94319208049227, -3.1877630804922754, NE, 55.94319208049227, -3.1877630804922754, 247.54574675587213, 349.44107677028444
55.94340421252662, -3.1875509484579196, N, 55.94340421252662, -3.1875509484579196, 247.54574675587213, 348.19107677028444
55.943704212526626, -3.1875509484579196, S, 55.943704212526626, -3.1875509484579196, 247.54574675587213, 346.94107677028444
55.94340421252662, -3.1875509484579196, NNW, 55.94340421252662, -3.1875509484579196, 247.54574675587213, 345.69107677028444
55.94368137638638, -3.187665753487629, SE, 55.94368137638638, -3.187665753487629, 247.54574675587213, 344.44107677028444
55.94346924435202, -3.1874536214532734, N, 55.94346924435202, -3.1874536214532734, 247.54574675587213, 343.19107677028444
55.943769244352026, -3.1874536214532734, S, 55.943769244352026, -3.1874536214532734, 247.54574675587213, 341.94107677028444
55.94346924435202, -3.1874536214532734, WNW, 55.94346924435202, -3.1874536214532734, 247.54574675587213, 340.69107677028444
55.943584049381734, -3.187730785313027, W, 55.943584049381734, -3.187730785313027, 247.54574675587213, 339.44107677028444
55.943584049381734, -3.188030785313027, SE, 55.943584049381734, -3.188030785313027, 247.54574675587213, 338.19107677028444
55.94337191734738, -3.187818653278671, ENE, 55.94337191734738, -3.187818653278671, 247.54574675587213, 336.94107677028444
55.94348672237709, -3.187541489418918, NW, 55.94348672237709, -3.187541489418918, 247.54574675587213, 335.69107677028444
55.943698854411444, -3.1877536214532736, E, 55.943698854411444, -3.1877536214532736, 247.54574675587213, 334.44107677028444
55.943698854411444, -3.1874536214532734, NE, 55.943698854411444, -3.1874536214532734, 247.54574675587213, 333.19107677028444
55.9439109864458, -3.1872414894189176, E, 55.9439109864458, -3.1872414894189176, 247.54574675587213, 331.94107677028444
55.9439109864458, -3.1869414894189174, SE, 55.9439109864458, -3.1869414894189174, 247.54574675587213, 330.69107677028444
55.943698854411444, -3.1867293573845616, SSE, 55.943698854411444, -3.1867293573845616, 247.54574675587213, 329.44107677028444
55.94342169055169, -3.186614552354852, NNE, 55.94342169055169, -3.186614552354852, 247.54574675587213, 328.19107677028444
55.943698854411444, -3.1864997473251426, S, 55.943698854411444, -3.1864997473251426, 247.54574675587213, 326.94107677028444
55.94339885441144, -3.1864997473251426, NE, 55.94339885441144, -3.1864997473251426, 247.54574675587213, 325.69107677028444
55.9436109864458, -3.186287615290787, E, 55.9436109864458, -3.186287615290787, 247.54574675587213, 324.44107677028444
55.9436109864458, -3.1859876152907867, W, 55.9436109864458, -3.1859876152907867, 247.54574675587213, 323.19107677028444
55.9436109864458, -3.186287615290787, E, 55.9436109864458, -3.186287615290787, 247.54574675587213, 321.94107677028444
55.9436109864458, -3.1859876152907867, ESE, 55.9436109864458, -3.1859876152907867, 247.54574675587213, 320.69107677028444
55.94349618141609, -3.1857104514310333, WNW, 55.94349618141609, -3.1857104514310333, 247.54574675587213, 319.44107677028444
55.9436109864458, -3.1859876152907867, E, 55.9436109864458, -3.1859876152907867, 247.54574675587213, 318.19107677028444
55.9436109864458, -3.1856876152907865, SSW, 55.9436109864458, -3.1856876152907865, 247.54574675587213, 316.94107677028444
55.94333382258604, -3.185802420320496, NNE, 55.94333382258604, -3.185802420320496, 247.54574675587213, 315.69107677028444
55.9436109864458, -3.1856876152907865, NNW, 55.9436109864458, -3.1856876152907865, 247.54574675587213, 314.44107677028444
55.943888150305554, -3.185802420320496, NNW, 55.943888150305554, -3.185802420320496, 247.54574675587213, 313.19107677028444
55.94416531416531, -3.1859172253502055, SW, 55.94416531416531, -3.1859172253502055, 233.19134492332904, 192.68378780758493
55.943953182130954, -3.1861293573845613, NNW, 55.943953182130954, -3.1861293573845613, 233.19134492332904, 191.43378780758493
55.94423034599071, -3.1862441624142708, NNW, 55.94423034599071, -3.1862441624142708, 250.4144003490793, 273.67119811396594
55.94450750985047, -3.1863589674439803, E, 55.94450750985047, -3.1863589674439803, 250.4144003490793, 272.42119811396594
55.94450750985047, -3.18605896744398, W, 55.94450750985047, -3.18605896744398, 250.4144003490793, 271.17119811396594
55.94450750985047, -3.1863589674439803, NNW, 55.94450750985047, -3.1863589674439803, 250.4144003490793, 269.92119811396594
55.944784673710224, -3.18647377247369, S, 55.944784673710224, -3.18647377247369, 250.4144003490793, 268.67119811396594
55.94448467371022, -3.18647377247369, SSW, 55.94448467371022, -3.18647377247369, 250.4144003490793, 267.42119811396594
55.944207509850465, -3.1865885775033993, WSW, 55.944207509850465, -3.1865885775033993, 250.4144003490793, 266.17119811396594
55.944092704820754, -3.1868657413631527, SE, 55.944092704820754, -3.1868657413631527, 250.4144003490793, 264.92119811396594
55.9438805727864, -3.186653609328797, E, 55.9438805727864, -3.186653609328797, 250.4144003490793, 263.67119811396594
55.9438805727864, -3.1863536093287967, NNE, 55.9438805727864, -3.1863536093287967, 250.4144003490793, 262.42119811396594
55.944157736646154, -3.1862388042990872, ESE, 55.944157736646154, -3.1862388042990872, 250.4144003490793, 261.17119811396594
55.944042931616444, -3.185961640439334, ENE, 55.944042931616444, -3.185961640439334, 250.4144003490793, 259.92119811396594
55.944157736646154, -3.1856844765795804, SSE, 55.944157736646154, -3.1856844765795804, 250.4144003490793, 258.67119811396594
55.9438805727864, -3.185569671549871, E, 55.9438805727864, -3.185569671549871, 370.18446640905137, 371.99494463670004
55.9438805727864, -3.1852696715498707, NNE, 55.9438805727864, -3.1852696715498707, 379.08346394382295, 393.17931006870623
55.944157736646154, -3.185154866520161, ESE, 55.944157736646154, -3.185154866520161, 411.04005261610814, 406.4160515536127
55.944042931616444, -3.184877702660408, NE, 55.944042931616444, -3.184877702660408, 477.46021745163154, 481.1264389313699
55.9442550636508, -3.184665570626052, E, 55.9442550636508, -3.184665570626052, 477.46021745163154, 479.8764389313699
55.9442550636508, -3.184365570626052, NW, 55.9442550636508, -3.184365570626052, 477.46021745163154, 478.6264389313699
55.94446719568516, -3.1845777026604076, W, 55.94446719568516, -3.1845777026604076, 477.46021745163154, 477.3764389313699
55.94446719568516, -3.184877702660408, SE, 55.94446719568516, -3.184877702660408, 477.46021745163154, 476.1264389313699
55.9442550636508, -3.184665570626052, SSW, 55.9442550636508, -3.184665570626052, 517.1853611097928, 597.1070465173968
55.943977899791044, -3.1847803756557616, SE, 55.943977899791044, -3.1847803756557616, 517.1853611097928, 595.8570465173968
55.94376576775669, -3.184568243621406, SSW, 55.94376576775669, -3.184568243621406, 517.1853611097928, 594.6070465173968
55.94348860389693, -3.1846830486511153, WSW, 55.94348860389693, -3.1846830486511153, 517.1853611097928, 593.3570465173968
55.94337379886722, -3.1849602125108687, S, 55.94337379886722, -3.1849602125108687, 517.1853611097928, 592.1070465173968
55.94307379886722, -3.1849602125108687, NW, 55.94307379886722, -3.1849602125108687, 517.1853611097928, 590.8570465173968
55.943285930901574, -3.1851723445452245, SW, 55.943285930901574, -3.1851723445452245, 517.1853611097928, 589.6070465173968
55.94307379886722, -3.1853844765795802, E, 55.94307379886722, -3.1853844765795802, 517.1853611097928, 588.3570465173968
55.94307379886722, -3.18508447657958, SSW, 55.94307379886722, -3.18508447657958, 623.1078154438449, 695.6437814816563
55.94279663500746, -3.1851992816092896, ESE, 55.94279663500746, -3.1851992816092896, 623.1078154438449, 694.3937814816563
55.94268182997775, -3.184922117749536, E, 55.94268182997775, -3.184922117749536, 623.1078154438449, 693.1437814816563
55.94268182997775, -3.184622117749536, NE, 55.94268182997775, -3.184622117749536, 623.1078154438449, 691.8937814816563
55.94289396201211, -3.18440998571518, NNW, 55.94289396201211, -3.18440998571518, 623.1078154438449, 690.6437814816563
55.943171125871864, -3.1845247907448897, SSE, 55.943171125871864, -3.1845247907448897, 623.1078154438449, 689.3937814816563
55.94289396201211, -3.18440998571518, W, 55.94289396201211, -3.18440998571518, 623.1078154438449, 688.1437814816563
55.94289396201211, -3.1847099857151804, NNW, 55.94289396201211, -3.1847099857151804, 623.1078154438449, 686.8937814816563
55.943171125871864, -3.18482479074489, SW, 55.943171125871864, -3.18482479074489, 623.1078154438449, 685.6437814816563
55.94295899383751, -3.1850369227792457, ENE, 55.94295899383751, -3.1850369227792457, 623.1078154438449, 684.3937814816563
55.94307379886722, -3.1847597589194923, ESE, 55.94307379886722, -3.1847597589194923, 623.1078154438449, 683.1437814816563
55.94295899383751, -3.184482595059739, NW, 55.94295899383751, -3.184482595059739, 623.1078154438449, 681.8937814816563
55.943171125871864, -3.1846947270940946, WNW, 55.943171125871864, -3.1846947270940946, 623.1078154438449, 680.6437814816563
55.943285930901574, -3.184971890953848, SSE, 55.943285930901574, -3.184971890953848, 623.1078154438449, 679.3937814816563
55.94300876704182, -3.1848570859241385, ESE, 55.94300876704182, -3.1848570859241385, 623.1078154438449, 678.1437814816563
55.94289396201211, -3.184579922064385, N, 55.94289396201211, -3.184579922064385, 623.1078154438449, 676.8937814816563
55.94319396201211, -3.184579922064385, SW, 55.94319396201211, -3.184579922064385, 623.1078154438449, 675.6437814816563
55.942981829977754, -3.184792054098741, WSW, 55.942981829977754, -3.184792054098741, 623.1078154438449, 674.3937814816563
55.94286702494804, -3.1850692179584943, ESE, 55.94286702494804, -3.1850692179584943, 623.1078154438449, 673.1437814816563
55.94275221991833, -3.184792054098741, WSW, 55.94275221991833, -3.184792054098741, 623.1078154438449, 671.8937814816563
55.94263741488862, -3.1850692179584943, E, 55.94263741488862, -3.1850692179584943, 623.1078154438449, 670.6437814816563
55.94263741488862, -3.184769217958494, NNW, 55.94263741488862, -3.184769217958494, 623.1078154438449, 669.3937814816563
55.94291457874838, -3.1848840229882036, NNW, 55.94291457874838, -3.1848840229882036, 623.1078154438449, 668.1437814816563
55.943191742608136, -3.184998828017913, SSE, 55.943191742608136, -3.184998828017913, 623.1078154438449, 666.8937814816563
55.94291457874838, -3.1848840229882036, NE, 55.94291457874838, -3.1848840229882036, 623.1078154438449, 665.6437814816563
55.943126710782735, -3.184671890953848, E, 55.943126710782735, -3.184671890953848, 623.1078154438449, 664.3937814816563
55.943126710782735, -3.1843718909538477, N, 55.943126710782735, -3.1843718909538477, 623.1078154438449, 663.1437814816563
55.94342671078274, -3.1843718909538477, NNW, 55.94342671078274, -3.1843718909538477, 623.1078154438449, 661.8937814816563
55.943703874642495, -3.184486695983557, SSE, 55.943703874642495, -3.184486695983557, 623.1078154438449, 660.6437814816563
55.94342671078274, -3.1843718909538477, WNW, 55.94342671078274, -3.1843718909538477, 623.1078154438449, 659.3937814816563
55.94354151581245, -3.184649054813601, E, 55.94354151581245, -3.184649054813601, 623.1078154438449, 658.1437814816563
55.94354151581245, -3.184349054813601, WNW, 55.94354151581245, -3.184349054813601, 623.1078154438449, 656.8937814816563
55.94365632084216, -3.1846262186733543, WSW, 55.94365632084216, -3.1846262186733543, 623.1078154438449, 655.6437814816563
55.94354151581245, -3.1849033825331077, SE, 55.94354151581245, -3.1849033825331077, 623.1078154438449, 654.3937814816563
55.94332938377809, -3.184691250498752, NE, 55.94332938377809, -3.184691250498752, 623.1078154438449, 653.1437814816563
55.94354151581245, -3.184479118464396, N, 55.94354151581245, -3.184479118464396, 623.1078154438449, 651.8937814816563
55.94384151581245, -3.184479118464396, WSW, 55.94384151581245, -3.184479118464396, 623.1078154438449, 650.6437814816563
55.94372671078274, -3.1847562823241495, W, 55.94372671078274, -3.1847562823241495, 583.9834707267464, 648.7912663437806
55.94372671078274, -3.1850562823241497, NNW, 55.94372671078274, -3.1850562823241497, 583.9834707267464, 647.5412663437806
55.9440038746425, -3.1851710873538592, S, 55.9440038746425, -3.1851710873538592, 583.9834707267464, 646.2912663437806
55.943703874642495, -3.1851710873538592, ESE, 55.943703874642495, -3.1851710873538592, 583.9834707267464, 645.0412663437806
55.943589069612784, -3.184893923494106, S, 55.943589069612784, -3.184893923494106, 583.9834707267464, 643.7912663437806
55.94328906961278, -3.184893923494106, SSW, 55.94328906961278, -3.184893923494106, 583.9834707267464, 642.5412663437806
55.943011905753025, -3.1850087285238153, W, 55.943011905753025, -3.1850087285238153, 583.9834707267464, 641.2912663437806
55.943011905753025, -3.1853087285238155, NE, 55.943011905753025, -3.1853087285238155, 583.9834707267464, 640.0412663437806
55.94322403778738, -3.1850965964894598, NW, 55.94322403778738, -3.1850965964894598, 583.9834707267464, 638.7912663437806
55.94343616982174, -3.1853087285238155, SW, 55.94343616982174, -3.1853087285238155, 583.9834707267464, 637.5412663437806
55.94322403778738, -3.1855208605581713, NNE, 55.94322403778738, -3.1855208605581713, 583.9834707267464, 636.2912663437806
55.94350120164714, -3.185406055528462, S, 55.94350120164714, -3.185406055528462, 583.9834707267464, 635.0412663437806
55.943201201647135, -3.185406055528462, ESE, 55.943201201647135, -3.185406055528462, 583.9834707267464, 633.7912663437806
55.943086396617424, -3.1851288916687084, S, 55.943086396617424, -3.1851288916687084, 583.9834707267464, 632.5412663437806
55.94278639661742, -3.1851288916687084, NW, 55.94278639661742, -3.1851288916687084, 583.9834707267464, 631.2912663437806
55.94299852865178, -3.185341023703064, E, 55.94299852865178, -3.185341023703064, 583.9834707267464, 630.0412663437806
55.94299852865178, -3.185041023703064, SSE, 55.94299852865178, -3.185041023703064, 583.9834707267464, 628.7912663437806
55.94272136479202, -3.1849262186733545, WNW, 55.94272136479202, -3.1849262186733545, 583.9834707267464, 627.5412663437806
55.94283616982173, -3.185203382533108, NNW, 55.94283616982173, -3.185203382533108, 583.9834707267464, 626.2912663437806
55.94311333368149, -3.1853181875628174, SSW, 55.94311333368149, -3.1853181875628174, 583.9834707267464, 625.0412663437806
55.94283616982173, -3.185432992592527, SW, 55.94283616982173, -3.185432992592527, 615.088343752511, 635.4768309347934
55.942624037787375, -3.1856451246268827, NNW, 55.942624037787375, -3.1856451246268827, 615.088343752511, 634.2268309347934
55.94290120164713, -3.185759929656592, NNE, 55.94290120164713, -3.185759929656592, 615.088343752511, 632.9768309347934
55.94317836550689, -3.1856451246268827, WNW, 55.94317836550689, -3.1856451246268827, 615.088343752511, 631.7268309347934
55.9432931705366, -3.185922288486636, NW, 55.9432931705366, -3.185922288486636, 615.088343752511, 630.4768309347934
55.943505302570955, -3.186134420520992, NE, 55.943505302570955, -3.186134420520992, 615.088343752511, 629.2268309347934
55.94371743460531, -3.185922288486636, N, 55.94371743460531, -3.185922288486636, 615.088343752511, 627.9768309347934
55.944017434605314, -3.185922288486636, NW, 55.944017434605314, -3.185922288486636, 615.088343752511, 626.7268309347934
55.94422956663967, -3.186134420520992, N, 55.94422956663967, -3.186134420520992, 615.088343752511, 625.4768309347934
55.94452956663967, -3.186134420520992, SSE, 55.94452956663967, -3.186134420520992, 615.088343752511, 624.2268309347934
55.94425240277992, -3.1860196154912823, N, 55.94425240277992, -3.1860196154912823, 615.088343752511, 622.9768309347934
55.94455240277992, -3.1860196154912823, WNW, 55.94455240277992, -3.1860196154912823, 615.088343752511, 621.7268309347934
55.94466720780963, -3.1862967793510357, WSW, 55.94466720780963, -3.1862967793510357, 615.088343752511, 620.4768309347934
55.94455240277992, -3.186573943210789, WNW, 55.94455240277992, -3.186573943210789, 615.088343752511, 619.2268309347934
55.94466720780963, -3.1868511070705425, WSW, 55.94466720780963, -3.1868511070705425, 615.088343752511, 617.9768309347934
55.94455240277992, -3.187128270930296, SW, 55.94455240277992, -3.187128270930296, 615.088343752511, 616.7268309347934
55.94434027074556, -3.1873404029646517, NW, 55.94434027074556, -3.1873404029646517, 615.088343752511, 615.4768309347934
55.94455240277992, -3.1875525349990075, NW, 55.94455240277992, -3.1875525349990075, 615.088343752511, 614.2268309347934
55.944764534814276, -3.1877646670333633, WSW, 55.944764534814276, -3.1877646670333633, 615.088343752511, 612.9768309347934
55.944649729784565, -3.1880418308931167, SE, 55.944649729784565, -3.1880418308931167, 615.088343752511, 611.7268309347934
55.94443759775021, -3.187829698858761, NW, 55.94443759775021, -3.187829698858761, 615.088343752511, 610.4768309347934
55.944649729784565, -3.1880418308931167, SSE, 55.944649729784565, -3.1880418308931167, 615.088343752511, 609.2268309347934
55.94437256592481, -3.187927025863407, W, 55.94437256592481, -3.187927025863407, 615.088343752511, 607.9768309347934
55.94437256592481, -3.1882270258634073, N, 55.94437256592481, -3.1882270258634073, 615.088343752511, 606.7268309347934
55.94467256592481, -3.1882270258634073, NNW, 55.94467256592481, -3.1882270258634073, 615.088343752511, 605.4768309347934
55.94494972978457, -3.188341830893117, NNW, 55.94494972978457, -3.188341830893117, 615.088343752511, 604.2268309347934
55.945226893644325, -3.1884566359228264, WSW, 55.945226893644325, -3.1884566359228264, 615.088343752511, 602.9768309347934
55.945112088614614, -3.1887337997825798, ESE, 55.945112088614614, -3.1887337997825798, 615.088343752511, 601.7268309347934
55.944997283584904, -3.1884566359228264, NNE, 55.944997283584904, -3.1884566359228264, 615.088343752511, 600.4768309347934
55.94527444744466, -3.188341830893117, ENE, 55.94527444744466, -3.188341830893117, 517.2770414072535, 501.0755111814071
55.94538925247437, -3.1880646670333634, E, 55.94538925247437, -3.1880646670333634, 517.2770414072535, 499.8255111814071
55.94538925247437, -3.1877646670333633, WNW, 55.94538925247437, -3.1877646670333633, 517.2770414072535, 498.5755111814071
55.94550405750408, -3.1880418308931167, ENE, 55.94550405750408, -3.1880418308931167, 464.0527442108801, 406.6798672096943
55.94561886253379, -3.1877646670333633, NNE, 55.94561886253379, -3.1877646670333633, 464.0527442108801, 405.4298672096943
55.94589602639355, -3.1876498620036537, S, 55.94589602639355, -3.1876498620036537, 464.0527442108801, 404.1798672096943
55.945596026393545, -3.1876498620036537, SW, 55.945596026393545, -3.1876498620036537, 464.0527442108801, 402.9298672096943
55.94538389435919, -3.1878619940380095, NE, 55.94538389435919, -3.1878619940380095, 464.0527442108801, 401.6798672096943
55.945596026393545, -3.1876498620036537, WNW, 55.945596026393545, -3.1876498620036537, 464.0527442108801, 400.4298672096943
55.945710831423256, -3.187927025863407, W, 55.945710831423256, -3.187927025863407, 464.0527442108801, 399.1798672096943
55.945710831423256, -3.1882270258634073, NNW, 55.945710831423256, -3.1882270258634073, 395.96902886829446, 334.2831125711599
55.94598799528301, -3.188341830893117, NW, 55.94598799528301, -3.188341830893117, 480.8141174124742, 420.17904298225693
55.94620012731737, -3.1885539629274726, WSW, 55.94620012731737, -3.1885539629274726, 480.8141174124742, 418.92904298225693
55.94608532228766, -3.188831126787226, SW, 55.94608532228766, -3.188831126787226, 480.8141174124742, 417.67904298225693
55.9458731902533, -3.189043258821582, W, 55.9458731902533, -3.189043258821582, 480.8141174124742, 416.42904298225693
55.9458731902533, -3.189343258821582, SW, 55.9458731902533, -3.189343258821582, 480.8141174124742, 415.17904298225693
55.945661058218946, -3.1895553908559378, SE, 55.945661058218946, -3.1895553908559378, 480.8141174124742, 413.92904298225693
55.94544892618459, -3.189343258821582, SE, 55.94544892618459, -3.189343258821582, 450.9053966388027, 366.67936186675195
55.94523679415023, -3.189131126787226, SSE, 55.94523679415023, -3.189131126787226, 450.9053966388027, 365.42936186675195
55.94495963029048, -3.1890163217575167, S, 55.94495963029048, -3.1890163217575167, 553.213279375452, 430.3220534749074
55.944659630290474, -3.1890163217575167, NNE, 55.944659630290474, -3.1890163217575167, 553.213279375452, 429.0720534749074
55.94493679415023, -3.188901516727807, N, 55.94493679415023, -3.188901516727807, 553.213279375452, 427.8220534749074
55.94523679415023, -3.188901516727807, W, 55.94523679415023, -3.188901516727807, 553.213279375452, 426.5720534749074
55.94523679415023, -3.1892015167278074, NW, 55.94523679415023, -3.1892015167278074, 553.213279375452, 425.3220534749074
55.94544892618459, -3.189413648762163, WNW, 55.94544892618459, -3.189413648762163, 553.213279375452, 424.0720534749074
55.9455637312143, -3.1896908126219166, NE, 55.9455637312143, -3.1896908126219166, 553.213279375452, 422.8220534749074
55.945775863248656, -3.189478680587561, SSE, 55.945775863248656, -3.189478680587561, 553.213279375452, 421.5720534749074
55.9454986993889, -3.1893638755578513, E, 55.9454986993889, -3.1893638755578513, 553.213279375452, 420.3220534749074
55.9454986993889, -3.189063875557851, WSW, 55.9454986993889, -3.189063875557851, 553.213279375452, 419.0720534749074
55.94538389435919, -3.1893410394176045, WSW, 55.94538389435919, -3.1893410394176045, 553.213279375452, 417.8220534749074
55.94526908932948, -3.189618203277358, SE, 55.94526908932948, -3.189618203277358, 553.213279375452, 416.5720534749074
55.94505695729512, -3.189406071243002, S, 55.94505695729512, -3.189406071243002, 553.213279375452, 415.3220534749074
55.94475695729512, -3.189406071243002, SSW, 55.94475695729512, -3.189406071243002, 553.213279375452, 414.0720534749074
55.94447979343536, -3.1895208762727116, NE, 55.94447979343536, -3.1895208762727116, 553.213279375452, 412.8220534749074
55.94469192546972, -3.189308744238356, W, 55.94469192546972, -3.189308744238356, 553.213279375452, 411.5720534749074
55.94469192546972, -3.189608744238356, SSE, 55.94469192546972, -3.189608744238356, 553.213279375452, 410.3220534749074
55.94441476160996, -3.1894939392086465, SE, 55.94441476160996, -3.1894939392086465, 553.213279375452, 409.0720534749074
55.94420262957561, -3.1892818071742908, NNW, 55.94420262957561, -3.1892818071742908, 553.213279375452, 407.8220534749074
55.94447979343536, -3.1893966122040003, NNE, 55.94447979343536, -3.1893966122040003, 553.213279375452, 406.5720534749074
55.94475695729512, -3.1892818071742908, NNE, 55.94475695729512, -3.1892818071742908, 553.213279375452, 405.3220534749074
55.945034121154876, -3.1891670021445813, NNW, 55.945034121154876, -3.1891670021445813, 553.213279375452, 404.0720534749074
55.94531128501463, -3.1892818071742908, W, 55.94531128501463, -3.1892818071742908, 553.213279375452, 402.8220534749074
55.94531128501463, -3.189581807174291, WSW, 55.94531128501463, -3.189581807174291, 553.213279375452, 401.5720534749074
55.94519647998492, -3.1898589710340444, NW, 55.94519647998492, -3.1898589710340444, 553.213279375452, 400.3220534749074
55.94540861201928, -3.1900711030684, WSW, 55.94540861201928, -3.1900711030684, 553.213279375452, 399.0720534749074
55.94529380698957, -3.1903482669281535, SW, 55.94529380698957, -3.1903482669281535, 553.213279375452, 397.8220534749074
55.94508167495521, -3.1905603989625093, ESE, 55.94508167495521, -3.1905603989625093, 553.213279375452, 396.5720534749074
55.9449668699255, -3.190283235102756, N, 55.9449668699255, -3.190283235102756, 553.213279375452, 395.3220534749074
55.945266869925504, -3.190283235102756, ENE, 55.945266869925504, -3.190283235102756, 553.213279375452, 394.0720534749074
55.945381674955215, -3.1900060712430025, ENE, 55.945381674955215, -3.1900060712430025, 553.213279375452, 392.8220534749074
55.945496479984925, -3.189728907383249, N, 55.945496479984925, -3.189728907383249, 553.213279375452, 391.5720534749074
55.94579647998493, -3.189728907383249, NE, 55.94579647998493, -3.189728907383249, 553.213279375452, 390.3220534749074
55.946008612019284, -3.1895167753488933, NW, 55.946008612019284, -3.1895167753488933, 553.213279375452, 389.0720534749074
55.94622074405364, -3.189728907383249, SSE, 55.94622074405364, -3.189728907383249, 553.213279375452, 387.8220534749074
55.945943580193884, -3.1896141023535396, WNW, 55.945943580193884, -3.1896141023535396, 553.213279375452, 386.5720534749074
55.946058385223594, -3.189891266213293, WSW, 55.946058385223594, -3.189891266213293, 553.213279375452, 385.3220534749074
55.945943580193884, -3.1901684300730464, W, 55.945943580193884, -3.1901684300730464, 553.213279375452, 384.0720534749074
55.945943580193884, -3.1904684300730466, E, 55.945943580193884, -3.1904684300730466, 553.213279375452, 382.8220534749074
55.945943580193884, -3.1901684300730464, NE, 55.945943580193884, -3.1901684300730464, 553.213279375452, 381.5720534749074