55.944425, -3.188396, NNW, 55.944425, -3.188396, 0.0, 248.75
55.94470216385976, -3.1885108050297095, SE, 55.94470216385976, -3.1885108050297095, 0.0, 247.5
55.9444900318254, -3.1882986729953537, ESE, 55.9444900318254, -3.1882986729953537, 0.0, 246.25
55.94437522679569, -3.1880215091356003, SSE, 55.94437522679569, -3.1880215091356003, 0.0, 245.0
55.944098062935936, -3.187906704105891, SW, 55.944098062935936, -3.187906704105891, 0.0, 243.75
55.94388593090158, -3.1881188361402466, E, 55.94388593090158, -3.1881188361402466, 0.0, 242.5
55.94388593090158, -3.1878188361402464, W, 55.94388593090158, -3.1878188361402464, 0.0, 241.25
55.94388593090158, -3.1881188361402466, WSW, 55.94388593090158, -3.1881188361402466, 0.0, 240.0
55.94377112587187, -3.188396, SE, 55.94377112587187, -3.188396, 0.0, 238.75
55.94355899383751, -3.1881838679656442, N, 55.94355899383751, -3.1881838679656442, 0.0, 237.5
55.943858993837516, -3.1881838679656442, NNW, 55.943858993837516, -3.1881838679656442, 0.0, 236.25
55.94413615769727, -3.1882986729953537, NE, 55.94413615769727, -3.1882986729953537, 0.0, 235.0
55.94434828973163, -3.188086540960998, SW, 55.94434828973163, -3.188086540960998, 0.0, 233.75
55.94413615769727, -3.1882986729953537, SE, 55.94413615769727, -3.1882986729953537, 0.0, 232.5
55.943924025662916, -3.188086540960998, ENE, 55.943924025662916, -3.188086540960998, 0.0, 231.25
55.94403883069263, -3.1878093771012446, SSW, 55.94403883069263, -3.1878093771012446, 0.0, 230.0
55.94376166683287, -3.187924182130954, SSW, 55.94376166683287, -3.187924182130954, 0.0, 228.75
55.943484502973114, -3.1880389871606636, ESE, 55.943484502973114, -3.1880389871606636, 75.62322115853215, 242.22408092758872
55.9433696979434, -3.18776182330091, ENE, 55.9433696979434, -3.18776182330091, 22.866227403304777, 117.76346340174435
55.943484502973114, -3.1874846594411568, NNW, 55.943484502973114, -3.1874846594411568, 144.26826630839543, 165.1133004777572
55.94376166683287, -3.1875994644708663, WNW, 55.94376166683287, -3.1875994644708663, 144.26826630839543, 163.8633004777572
55.94387647186258, -3.1878766283306197, S, 55.94387647186258, -3.1878766283306197, 144.26826630839543, 162.6133004777572
55.94357647186258, -3.1878766283306197, NW, 55.94357647186258, -3.1878766283306197, 144.26826630839543, 161.3633004777572
55.943788603896934, -3.1880887603649755, SW, 55.943788603896934, -3.1880887603649755, 144.26826630839543, 160.1133004777572
55.94357647186258, -3.1883008923993312, WSW, 55.94357647186258, -3.1883008923993312, 144.26826630839543, 158.8633004777572
55.94346166683287, -3.1885780562590846, WNW, 55.94346166683287, -3.1885780562590846, 144.26826630839543, 157.6133004777572
55.94357647186258, -3.188855220118838, NE, 55.94357647186258, -3.188855220118838, 144.26826630839543, 156.3633004777572
55.943788603896934, -3.1886430880844823, ENE, 55.943788603896934, -3.1886430880844823, 144.26826630839543, 155.1133004777572
55.943903408926644, -3.188365924224729, W, 55.943903408926644, -3.188365924224729, 144.26826630839543, 153.8633004777572
55.943903408926644, -3.188665924224729, ENE, 55.943903408926644, -3.188665924224729, 144.26826630839543, 152.6133004777572
55.944018213956355, -3.1883887603649756, SE, 55.944018213956355, -3.1883887603649756, 144.26826630839543, 151.3633004777572
55.943806081922, -3.18817662833062, ESE, 55.943806081922, -3.18817662833062, 144.26826630839543, 150.1133004777572
55.94369127689229, -3.1878994644708665, NE, 55.94369127689229, -3.1878994644708665, 144.26826630839543, 148.8633004777572
55.943903408926644, -3.1876873324365107, W, 55.943903408926644, -3.1876873324365107, 144.26826630839543, 147.6133004777572
55.943903408926644, -3.187987332436511, S, 55.943903408926644, -3.187987332436511, 144.26826630839543, 146.3633004777572
55.94360340892664, -3.187987332436511, N, 55.94360340892664, -3.187987332436511, 144.26826630839543, 145.1133004777572
55.943903408926644, -3.187987332436511, E, 55.943903408926644, -3.187987332436511, 144.26826630839543, 143.8633004777572
55.943903408926644, -3.1876873324365107, SSW, 55.943903408926644, -3.1876873324365107, 144.26826630839543, 142.6133004777572
55.94362624506689, -3.18780213746622, NNW, 55.94362624506689, -3.18780213746622, 144.26826630839543, 141.3633004777572
55.943903408926644, -3.1879169424959297, SSW, 55.943903408926644, -3.1879169424959297, 144.26826630839543, 140.1133004777572
55.94362624506689, -3.1880317475256392, ESE, 55.94362624506689, -3.1880317475256392, 144.26826630839543, 138.8633004777572
55.94351144003718, -3.187754583665886, SE, 55.94351144003718, -3.187754583665886, 144.26826630839543, 137.6133004777572
55.94329930800282, -3.18754245163153, ENE, 55.94329930800282, -3.18754245163153, 144.26826630839543, 136.3633004777572
55.94341411303253, -3.1872652877717766, W, 55.94341411303253, -3.1872652877717766, 144.26826630839543, 135.1133004777572
55.94341411303253, -3.187565287771777, SSE, 55.94341411303253, -3.187565287771777, 144.26826630839543, 133.8633004777572
55.943136949172775, -3.1874504827420673, NE, 55.943136949172775, -3.1874504827420673, 144.26826630839543, 132.6133004777572
55.94334908120713, -3.1872383507077116, N, 55.94334908120713, -3.1872383507077116, 144.26826630839543, 131.3633004777572
55.943649081207134, -3.1872383507077116, SW, 55.943649081207134, -3.1872383507077116, 144.26826630839543, 130.1133004777572
55.94343694917278, -3.1874504827420673, W, 55.94343694917278, -3.1874504827420673, 144.26826630839543, 128.8633004777572
55.94343694917278, -3.1877504827420675, NNW, 55.94343694917278, -3.1877504827420675, 144.26826630839543, 127.6133004777572
55.943714113032534, -3.187865287771777, N, 55.943714113032534, -3.187865287771777, 144.26826630839543, 126.3633004777572
55.94401411303254, -3.187865287771777, S, 55.94401411303254, -3.187865287771777, 144.26826630839543, 125.1133004777572
55.943714113032534, -3.187865287771777, WNW, 55.943714113032534, -3.187865287771777, 144.26826630839543, 123.8633004777572
55.943828918062245, -3.1881424516315304, W, 55.943828918062245, -3.1881424516315304, 144.26826630839543, 122.6133004777572
55.943828918062245, -3.1884424516315306, SE, 55.943828918062245, -3.1884424516315306, 144.26826630839543, 121.3633004777572
55.94361678602789, -3.188230319597175, ENE, 55.94361678602789, -3.188230319597175, 144.26826630839543, 120.1133004777572
55.9437315910576, -3.1879531557374214, NW, 55.9437315910576, -3.1879531557374214, 144.26826630839543, 118.8633004777572
55.943943723091955, -3.188165287771777, E, 55.943943723091955, -3.188165287771777, 144.26826630839543, 117.6133004777572
55.943943723091955, -3.187865287771777, NE, 55.943943723091955, -3.187865287771777, 144.26826630839543, 116.3633004777572
55.94415585512631, -3.1876531557374213, E, 55.94415585512631, -3.1876531557374213, 144.26826630839543, 115.1133004777572
55.94415585512631, -3.187353155737421, SE, 55.94415585512631, -3.187353155737421, 144.26826630839543, 113.8633004777572
55.943943723091955, -3.1871410237030653, SE, 55.943943723091955, -3.1871410237030653, 144.26826630839543, 112.6133004777572
55.9437315910576, -3.1869288916687095, S, 55.9437315910576, -3.1869288916687095, 173.84608473451772, 137.24479539465057
55.943431591057596, -3.1869288916687095, NNE, 55.943431591057596, -3.1869288916687095, 173.84608473451772, 135.99479539465057
55.94370875491735, -3.186814086639, E, 55.94370875491735, -3.186814086639, 173.84608473451772, 134.74479539465057
55.94370875491735, -3.186514086639, NE, 55.94370875491735, -3.186514086639, 173.84608473451772, 133.49479539465057
55.94392088695171, -3.186301954604644, E, 55.94392088695171, -3.186301954604644, 173.84608473451772, 132.24479539465057
55.94392088695171, -3.186001954604644, W, 55.94392088695171, -3.186001954604644, 173.84608473451772, 130.99479539465057
55.94392088695171, -3.186301954604644, E, 55.94392088695171, -3.186301954604644, 173.84608473451772, 129.74479539465057
55.94392088695171, -3.186001954604644, ESE, 55.94392088695171, -3.186001954604644, 173.84608473451772, 128.49479539465057
55.943806081922, -3.1857247907448905, WNW, 55.943806081922, -3.1857247907448905, 173.84608473451772, 127.24479539465057
55.94392088695171, -3.186001954604644, E, 55.94392088695171, -3.186001954604644, 173.84608473451772, 125.99479539465057
55.94392088695171, -3.1857019546046437, SSW, 55.94392088695171, -3.1857019546046437, 173.84608473451772, 124.74479539465057
55.94364372309195, -3.185816759634353, NNE, 55.94364372309195, -3.185816759634353, 173.84608473451772, 123.49479539465057
55.94392088695171, -3.1857019546046437, NNW, 55.94392088695171, -3.1857019546046437, 173.84608473451772, 122.24479539465057
55.944198050811465, -3.185816759634353, NNW, 55.944198050811465, -3.185816759634353, 173.84608473451772, 120.99479539465057
55.94447521467122, -3.1859315646640627, SW, 55.94447521467122, -3.1859315646640627, 173.84608473451772, 119.74479539465057
55.944263082636866, -3.1861436966984185, NNW, 55.944263082636866, -3.1861436966984185, 173.84608473451772, 118.49479539465057
55.94454024649662, -3.186258501728128, WNW, 55.94454024649662, -3.186258501728128, 223.1477734700712, 158.21510400165056
55.94465505152633, -3.1865356655878814, WNW, 55.94465505152633, -3.1865356655878814, 223.1477734700712, 156.96510400165056
55.94476985655604, -3.1868128294476348, E, 55.94476985655604, -3.1868128294476348, 223.1477734700712, 155.71510400165056
55.94476985655604, -3.1865128294476346, WSW, 55.94476985655604, -3.1865128294476346, 223.1477734700712, 154.46510400165056
55.94465505152633, -3.186789993307388, N, 55.94465505152633, -3.186789993307388, 223.1477734700712, 153.21510400165056
55.944955051526335, -3.186789993307388, SW, 55.944955051526335, -3.186789993307388, 223.1477734700712, 151.96510400165056
55.94474291949198, -3.1870021253417438, SSW, 55.94474291949198, -3.1870021253417438, 223.1477734700712, 150.71510400165056
55.94446575563222, -3.1871169303714533, WSW, 55.94446575563222, -3.1871169303714533, 223.1477734700712, 149.46510400165056
55.94435095060251, -3.1873940942312067, SE, 55.94435095060251, -3.1873940942312067, 223.1477734700712, 148.21510400165056
55.944138818568156, -3.187181962196851, E, 55.944138818568156, -3.187181962196851, 223.1477734700712, 146.96510400165056
55.944138818568156, -3.1868819621968507, NNE, 55.944138818568156, -3.1868819621968507, 223.1477734700712, 145.71510400165056
55.94441598242791, -3.186767157167141, ESE, 55.94441598242791, -3.186767157167141, 223.1477734700712, 144.46510400165056
55.9443011773982, -3.186489993307388, ENE, 55.9443011773982, -3.186489993307388, 223.1477734700712, 143.21510400165056
55.94441598242791, -3.1862128294476344, SSE, 55.94441598242791, -3.1862128294476344, 223.1477734700712, 141.96510400165056
55.944138818568156, -3.186098024417925, E, 55.944138818568156, -3.186098024417925, 223.1477734700712, 140.71510400165056
55.944138818568156, -3.1857980244179247, WSW, 55.944138818568156, -3.1857980244179247, 223.1477734700712, 139.46510400165056
55.944024013538446, -3.186075188277678, SE, 55.944024013538446, -3.186075188277678, 223.1477734700712, 138.21510400165056
55.94381188150409, -3.1858630562433223, SSW, 55.94381188150409, -3.1858630562433223, 223.1477734700712, 136.96510400165056
55.94353471764433, -3.185977861273032, E, 55.94353471764433, -3.185977861273032, 223.1477734700712, 135.71510400165056
55.94353471764433, -3.1856778612730317, NNW, 55.94353471764433, -3.1856778612730317, 223.1477734700712, 134.46510400165056
55.94381188150409, -3.185792666302741, NNW, 55.94381188150409, -3.185792666302741, 223.1477734700712, 133.21510400165056
55.944089045363846, -3.1859074713324507, SE, 55.944089045363846, -3.1859074713324507, 223.1477734700712, 131.96510400165056
55.94387691332949, -3.185695339298095, SSW, 55.94387691332949, -3.185695339298095, 223.1477734700712, 130.71510400165056
55.94359974946973, -3.1858101443278044, WSW, 55.94359974946973, -3.1858101443278044, 223.1477734700712, 129.46510400165056
55.94348494444002, -3.186087308187558, E, 55.94348494444002, -3.186087308187558, 223.1477734700712, 128.21510400165056
55.94348494444002, -3.1857873081875576, WSW, 55.94348494444002, -3.1857873081875576, 223.1477734700712, 126.96510400165056
55.94337013941031, -3.186064472047311, S, 55.94337013941031, -3.186064472047311, 223.1477734700712, 125.71510400165056
55.94307013941031, -3.186064472047311, NW, 55.94307013941031, -3.186064472047311, 223.1477734700712, 124.46510400165056
55.943282271444666, -3.186276604081667, SW, 55.943282271444666, -3.186276604081667, 223.1477734700712, 123.21510400165056
55.94307013941031, -3.1864887361160226, E, 55.94307013941031, -3.1864887361160226, 223.1477734700712, 121.96510400165056
55.94307013941031, -3.1861887361160224, SSW, 55.94307013941031, -3.1861887361160224, 223.1477734700712, 120.71510400165056
55.94279297555055, -3.186303541145732, ESE, 55.94279297555055, -3.186303541145732, 223.1477734700712, 119.46510400165056
55.94267817052084, -3.1860263772859785, E, 55.94267817052084, -3.1860263772859785, 223.1477734700712, 118.21510400165056
55.94267817052084, -3.1857263772859783, NE, 55.94267817052084, -3.1857263772859783, 223.1477734700712, 116.96510400165056
55.9428903025552, -3.1855142452516225, SE, 55.9428903025552, -3.1855142452516225, 230.04316657356316, 117.58866314970805
55.94267817052084, -3.1853021132172668, NW, 55.94267817052084, -3.1853021132172668, 230.04316657356316, 116.33866314970805
55.9428903025552, -3.1855142452516225, NE, 55.9428903025552, -3.1855142452516225, 230.04316657356316, 115.08866314970805
55.943102434589555, -3.1853021132172668, ESE, 55.943102434589555, -3.1853021132172668, 230.04316657356316, 113.83866314970805
55.942987629559845, -3.1850249493575133, SW, 55.942987629559845, -3.1850249493575133, 230.04316657356316, 112.58866314970805
55.94277549752549, -3.185237081391869, E, 55.94277549752549, -3.185237081391869, 230.04316657356316, 111.33866314970805
55.94277549752549, -3.184937081391869, NNE, 55.94277549752549, -3.184937081391869, 230.04316657356316, 110.08866314970805
55.943052661385245, -3.1848222763621594, ESE, 55.943052661385245, -3.1848222763621594, 308.4593430257406, 110.74320404774956
55.942937856355535, -3.184545112502406, NW, 55.942937856355535, -3.184545112502406, 308.4593430257406, 109.49320404774956
55.94314998838989, -3.184757244536762, WNW, 55.94314998838989, -3.184757244536762, 308.4593430257406, 108.24320404774956
55.9432647934196, -3.185034408396515, SSE, 55.9432647934196, -3.185034408396515, 308.4593430257406, 106.99320404774956
55.942987629559845, -3.1849196033668057, ESE, 55.942987629559845, -3.1849196033668057, 308.4593430257406, 105.74320404774956
55.942872824530134, -3.1846424395070523, NW, 55.942872824530134, -3.1846424395070523, 308.4593430257406, 104.49320404774956
55.94308495656449, -3.184854571541408, SSW, 55.94308495656449, -3.184854571541408, 308.4593430257406, 103.24320404774956
55.942807792704734, -3.1849693765711176, ESE, 55.942807792704734, -3.1849693765711176, 308.4593430257406, 101.99320404774956
55.942692987675024, -3.184692212711364, NNE, 55.942692987675024, -3.184692212711364, 308.4593430257406, 100.74320404774956
55.94297015153478, -3.1845774076816546, NW, 55.94297015153478, -3.1845774076816546, 308.4593430257406, 99.49320404774956
55.943182283569136, -3.1847895397160104, NW, 55.943182283569136, -3.1847895397160104, 376.117239714781, 165.83082028137258
55.94339441560349, -3.185001671750366, NNW, 55.94339441560349, -3.185001671750366, 376.117239714781, 164.58082028137258
55.94367157946325, -3.1851164767800757, SSW, 55.94367157946325, -3.1851164767800757, 376.117239714781, 163.33082028137258
55.94339441560349, -3.185231281809785, SSE, 55.94339441560349, -3.185231281809785, 376.117239714781, 162.08082028137258
55.943117251743736, -3.1851164767800757, S, 55.943117251743736, -3.1851164767800757, 376.117239714781, 160.83082028137258
55.94281725174373, -3.1851164767800757, NW, 55.94281725174373, -3.1851164767800757, 376.117239714781, 159.58082028137258
55.94302938377809, -3.1853286088144315, SSW, 55.94302938377809, -3.1853286088144315, 376.117239714781, 158.33082028137258
55.94275221991833, -3.185443413844141, N, 55.94275221991833, -3.185443413844141, 376.117239714781, 157.08082028137258
55.943052219918336, -3.185443413844141, ESE, 55.943052219918336, -3.185443413844141, 376.117239714781, 155.83082028137258
55.942937414888625, -3.1851662499843876, NE, 55.942937414888625, -3.1851662499843876, 376.117239714781, 154.58082028137258
55.94314954692298, -3.184954117950032, E, 55.94314954692298, -3.184954117950032, 376.117239714781, 153.33082028137258
55.94314954692298, -3.1846541179500316, SSW, 55.94314954692298, -3.1846541179500316, 376.117239714781, 152.08082028137258
55.942872383063225, -3.184768922979741, NW, 55.942872383063225, -3.184768922979741, 376.117239714781, 150.83082028137258
55.94308451509758, -3.184981055014097, SE, 55.94308451509758, -3.184981055014097, 376.117239714781, 149.58082028137258
55.942872383063225, -3.184768922979741, WSW, 55.942872383063225, -3.184768922979741, 376.117239714781, 148.33082028137258
55.942757578033515, -3.1850460868394945, ENE, 55.942757578033515, -3.1850460868394945, 376.117239714781, 147.08082028137258
55.942872383063225, -3.184768922979741, NNE, 55.942872383063225, -3.184768922979741, 376.117239714781, 145.83082028137258
55.94314954692298, -3.1846541179500316, W, 55.94314954692298, -3.1846541179500316, 376.117239714781, 144.58082028137258
55.94314954692298, -3.184954117950032, NNW, 55.94314954692298, -3.184954117950032, 376.117239714781, 143.33082028137258
55.94342671078274, -3.1850689229797413, NW, 55.94342671078274, -3.1850689229797413, 376.117239714781, 142.08082028137258
55.943638842817094, -3.185281055014097, ESE, 55.943638842817094, -3.185281055014097, 376.117239714781, 140.83082028137258
55.943524037787384, -3.1850038911543437, SSW, 55.943524037787384, -3.1850038911543437, 376.117239714781, 139.58082028137258
55.94324687392763, -3.185118696184053, SSW, 55.94324687392763, -3.185118696184053, 376.117239714781, 138.33082028137258
55.94296971006787, -3.1852335012137627, ESE, 55.94296971006787, -3.1852335012137627, 376.117239714781, 137.08082028137258
55.94285490503816, -3.1849563373540093, W, 55.94285490503816, -3.1849563373540093, 376.117239714781, 135.83082028137258
55.94285490503816, -3.1852563373540095, NE, 55.94285490503816, -3.1852563373540095, 376.117239714781, 134.58082028137258
55.94306703707252, -3.1850442053196537, SW, 55.94306703707252, -3.1850442053196537, 376.117239714781, 133.33082028137258
55.94285490503816, -3.1852563373540095, N, 55.94285490503816, -3.1852563373540095, 376.117239714781, 132.08082028137258
55.94315490503816, -3.1852563373540095, S, 55.94315490503816, -3.1852563373540095, 376.117239714781, 130.83082028137258
55.94285490503816, -3.1852563373540095, ESE, 55.94285490503816, -3.1852563373540095, 376.117239714781, 129.58082028137258
55.94274010000845, -3.184979173494256, W, 55.94274010000845, -3.184979173494256, 376.117239714781, 128.33082028137258
55.94274010000845, -3.1852791734942563, NW, 55.94274010000845, -3.1852791734942563, 376.117239714781, 127.08082028137258
55.942952232042806, -3.185491305528612, E, 55.942952232042806, -3.185491305528612, 376.117239714781, 125.83082028137258
55.942952232042806, -3.185191305528612, NNW, 55.942952232042806, -3.185191305528612, 376.117239714781, 124.58082028137258
55.94322939590256, -3.1853061105583214, SSE, 55.94322939590256, -3.1853061105583214, 376.117239714781, 123.33082028137258
55.942952232042806, -3.185191305528612, NNW, 55.942952232042806, -3.185191305528612, 376.117239714781, 122.08082028137258
55.94322939590256, -3.1853061105583214, SSW, 55.94322939590256, -3.1853061105583214, 376.117239714781, 120.83082028137258
55.942952232042806, -3.185420915588031, SSW, 55.942952232042806, -3.185420915588031, 376.117239714781, 119.58082028137258
55.94267506818305, -3.1855357206177404, NNW, 55.94267506818305, -3.1855357206177404, 400.2093572777355, 138.99693788109082
55.942952232042806, -3.18565052564745, ESE, 55.942952232042806, -3.18565052564745, 400.2093572777355, 137.74693788109082
55.942837427013096, -3.1853733617876965, W, 55.942837427013096, -3.1853733617876965, 400.2093572777355, 136.49693788109082
55.942837427013096, -3.1856733617876967, W, 55.942837427013096, -3.1856733617876967, 400.2093572777355, 135.24693788109082
55.942837427013096, -3.185973361787697, NNE, 55.942837427013096, -3.185973361787697, 400.2093572777355, 133.99693788109082
55.94311459087285, -3.1858585567579873, SW, 55.94311459087285, -3.1858585567579873, 400.2093572777355, 132.74693788109082
55.942902458838496, -3.186070688792343, N, 55.942902458838496, -3.186070688792343, 400.2093572777355, 131.49693788109082
55.9432024588385, -3.186070688792343, N, 55.9432024588385, -3.186070688792343, 400.2093572777355, 130.24693788109082
55.9435024588385, -3.186070688792343, SSE, 55.9435024588385, -3.186070688792343, 400.2093572777355, 128.99693788109082
55.943225294978745, -3.1859558837626336, SW, 55.943225294978745, -3.1859558837626336, 400.2093572777355, 127.74693788109082
55.94301316294439, -3.1861680157969894, WNW, 55.94301316294439, -3.1861680157969894, 400.2093572777355, 126.49693788109082
55.9431279679741, -3.186445179656743, WSW, 55.9431279679741, -3.186445179656743, 400.2093572777355, 125.24693788109082
55.94301316294439, -3.186722343516496, WNW, 55.94301316294439, -3.186722343516496, 400.2093572777355, 123.99693788109082
55.9431279679741, -3.1869995073762496, WSW, 55.9431279679741, -3.1869995073762496, 400.2093572777355, 122.74693788109082
55.94301316294439, -3.187276671236003, SW, 55.94301316294439, -3.187276671236003, 400.2093572777355, 121.49693788109082
55.94280103091003, -3.1874888032703588, NW, 55.94280103091003, -3.1874888032703588, 414.591327181632, 236.22218901101175
55.94301316294439, -3.1877009353047145, NE, 55.94301316294439, -3.1877009353047145, 414.591327181632, 234.97218901101175
55.943225294978745, -3.1874888032703588, WSW, 55.943225294978745, -3.1874888032703588, 414.591327181632, 233.72218901101175
55.943110489949035, -3.187765967130112, NE, 55.943110489949035, -3.187765967130112, 414.591327181632, 232.47218901101175
55.94332262198339, -3.1875538350957564, NNW, 55.94332262198339, -3.1875538350957564, 414.591327181632, 231.22218901101175
55.94359978584315, -3.187668640125466, WSW, 55.94359978584315, -3.187668640125466, 414.591327181632, 229.97218901101175
55.94348498081344, -3.1879458039852193, WSW, 55.94348498081344, -3.1879458039852193, 414.591327181632, 228.72218901101175
55.94337017578373, -3.1882229678449727, N, 55.94337017578373, -3.1882229678449727, 414.591327181632, 227.47218901101175
55.94367017578373, -3.1882229678449727, NNW, 55.94367017578373, -3.1882229678449727, 414.591327181632, 226.22218901101175
55.943947339643486, -3.1883377728746822, NNW, 55.943947339643486, -3.1883377728746822, 414.591327181632, 224.97218901101175
55.94422450350324, -3.1884525779043917, WSW, 55.94422450350324, -3.1884525779043917, 414.591327181632, 223.72218901101175
55.94410969847353, -3.188729741764145, SSW, 55.94410969847353, -3.188729741764145, 414.591327181632, 222.47218901101175
55.943832534613776, -3.1888445467938547, NNE, 55.943832534613776, -3.1888445467938547, 414.591327181632, 221.22218901101175
55.94410969847353, -3.188729741764145, ENE, 55.94410969847353, -3.188729741764145, 414.591327181632, 219.97218901101175
55.94422450350324, -3.1884525779043917, E, 55.94422450350324, -3.1884525779043917, 414.591327181632, 218.72218901101175
55.94422450350324, -3.1881525779043915, WNW, 55.94422450350324, -3.1881525779043915, 414.591327181632, 217.47218901101175
55.94433930853295, -3.188429741764145, ENE, 55.94433930853295, -3.188429741764145, 414.591327181632, 216.22218901101175
55.944454113562664, -3.1881525779043915, NNE, 55.944454113562664, -3.1881525779043915, 414.591327181632, 214.97218901101175
55.94473127742242, -3.188037772874682, S, 55.94473127742242, -3.188037772874682, 414.591327181632, 213.72218901101175
55.94443127742242, -3.188037772874682, SW, 55.94443127742242, -3.188037772874682, 414.591327181632, 212.47218901101175
55.94421914538806, -3.188249904909038, NE, 55.94421914538806, -3.188249904909038, 414.591327181632, 211.22218901101175
55.94443127742242, -3.188037772874682, WNW, 55.94443127742242, -3.188037772874682, 414.591327181632, 209.97218901101175
55.94454608245213, -3.1883149367344354, W, 55.94454608245213, -3.1883149367344354, 414.591327181632, 208.72218901101175
55.94454608245213, -3.1886149367344356, NNW, 55.94454608245213, -3.1886149367344356, 414.591327181632, 207.47218901101175
55.944823246311884, -3.188729741764145, SSW, 55.944823246311884, -3.188729741764145, 414.591327181632, 206.22218901101175
55.94454608245213, -3.1888445467938547, NNW, 55.94454608245213, -3.1888445467938547, 414.591327181632, 204.97218901101175
55.944823246311884, -3.188959351823564, SSE, 55.944823246311884, -3.188959351823564, 414.591327181632, 203.72218901101175
55.94454608245213, -3.1888445467938547, W, 55.94454608245213, -3.1888445467938547, 414.591327181632, 202.47218901101175
55.94454608245213, -3.189144546793855, SW, 55.94454608245213, -3.189144546793855, 414.591327181632, 201.22218901101175
55.94433395041777, -3.1893566788282106, SE, 55.94433395041777, -3.1893566788282106, 414.591327181632, 199.97218901101175
55.944121818383415, -3.189144546793855, SE, 55.944121818383415, -3.189144546793855, 414.591327181632, 198.72218901101175
55.94390968634906, -3.188932414759499, SSE, 55.94390968634906, -3.188932414759499, 414.591327181632, 197.47218901101175
55.9436325224893, -3.1888176097297896, S, 55.9436325224893, -3.1888176097297896, 414.591327181632, 196.22218901101175
55.9433325224893, -3.1888176097297896, NNE, 55.9433325224893, -3.1888176097297896, 414.591327181632, 194.97218901101175
55.943609686349056, -3.18870280470008, N, 55.943609686349056, -3.18870280470008, 414.591327181632, 193.72218901101175
55.94390968634906, -3.18870280470008, W, 55.94390968634906, -3.18870280470008, 414.591327181632, 192.47218901101175
55.94390968634906, -3.1890028047000802, NW, 55.94390968634906, -3.1890028047000802, 414.591327181632, 191.22218901101175
55.944121818383415, -3.189214936734436, WNW, 55.944121818383415, -3.189214936734436, 414.591327181632, 189.97218901101175
55.944236623413126, -3.1894921005941894, NE, 55.944236623413126, -3.1894921005941894, 414.591327181632, 188.72218901101175
55.94444875544748, -3.1892799685598336, SSE, 55.94444875544748, -3.1892799685598336, 414.591327181632, 187.47218901101175
55.944171591587725, -3.189165163530124, E, 55.944171591587725, -3.189165163530124, 414.591327181632, 186.22218901101175
55.944171591587725, -3.188865163530124, WSW, 55.944171591587725, -3.188865163530124, 414.591327181632, 184.97218901101175
55.944056786558015, -3.1891423273898774, WSW, 55.944056786558015, -3.1891423273898774, 414.591327181632, 183.72218901101175
55.943941981528305, -3.1894194912496308, SSE, 55.943941981528305, -3.1894194912496308, 414.591327181632, 182.47218901101175
55.94366481766855, -3.1893046862199212, S, 55.94366481766855, -3.1893046862199212, 372.82576602199254, 58.21667974896489
55.943364817668545, -3.1893046862199212, SSW, 55.943364817668545, -3.1893046862199212, 454.2353280883481, 139.74061427853576
55.94308765380879, -3.1894194912496308, S, 55.94308765380879, -3.1894194912496308, 454.2353280883481, 138.49061427853576
55.942787653808786, -3.1894194912496308, NNE, 55.942787653808786, -3.1894194912496308, 454.2353280883481, 137.24061427853576
55.94306481766854, -3.1893046862199212, WSW, 55.94306481766854, -3.1893046862199212, 454.2353280883481, 135.99061427853576
55.94295001263883, -3.1895818500796747, SSE, 55.94295001263883, -3.1895818500796747, 454.2353280883481, 134.74061427853576
55.942672848779075, -3.189467045049965, ENE, 55.942672848779075, -3.189467045049965, 454.2353280883481, 133.49061427853576
55.942787653808786, -3.1891898811902117, WNW, 55.942787653808786, -3.1891898811902117, 454.2353280883481, 132.24061427853576
55.942902458838496, -3.189467045049965, WSW, 55.942902458838496, -3.189467045049965, 454.2353280883481, 130.99061427853576
55.942787653808786, -3.1897442089097185, W, 55.942787653808786, -3.1897442089097185, 454.2353280883481, 129.74061427853576
55.942787653808786, -3.1900442089097187, N, 55.942787653808786, -3.1900442089097187, 454.2353280883481, 128.49061427853576
55.94308765380879, -3.1900442089097187, W, 55.94308765380879, -3.1900442089097187, 454.2353280883481, 127.24061427853576
55.94308765380879, -3.190344208909719, WSW, 55.94308765380879, -3.190344208909719, 454.2353280883481, 125.99061427853576
55.94297284877908, -3.1906213727694723, NW, 55.94297284877908, -3.1906213727694723, 454.2353280883481, 124.74061427853576
55.943184980813434, -3.190833504803828, WSW, 55.943184980813434, -3.190833504803828, 454.2353280883481, 123.49061427853576
55.943070175783724, -3.1911106686635815, SW, 55.943070175783724, -3.1911106686635815, 454.2353280883481, 122.24061427853576
55.94285804374937, -3.1913228006979373, SW, 55.94285804374937, -3.1913228006979373, 454.2353280883481, 120.99061427853576
55.94264591171501, -3.191534932732293, E, 55.94264591171501, -3.191534932732293, 454.2353280883481, 119.74061427853576
55.94264591171501, -3.191234932732293, WNW, 55.94264591171501, -3.191234932732293, 454.2353280883481, 118.49061427853576
55.94276071674472, -3.1915120965920463, NE, 55.94276071674472, -3.1915120965920463, 454.2353280883481, 117.24061427853576
55.94297284877908, -3.1912999645576905, N, 55.94297284877908, -3.1912999645576905, 578.7544501582718, 141.85808874391932
55.94327284877908, -3.1912999645576905, W, 55.94327284877908, -3.1912999645576905, 578.7544501582718, 140.60808874391932
55.94327284877908, -3.1915999645576907, WNW, 55.94327284877908, -3.1915999645576907, 578.7544501582718, 139.35808874391932
55.94338765380879, -3.191877128417444, ENE, 55.94338765380879, -3.191877128417444, 578.7544501582718, 138.10808874391932