55.944425, -3.188396, SSE, 55.944425, -3.188396, 0.0, 248.75
55.944147836140246, -3.1882811949702905, NNW, 55.944147836140246, -3.1882811949702905, 63.775421544612854, 247.8231837318418
55.944425, -3.188396, ESE, 55.944425, -3.188396, 63.775421544612854, 246.5731837318418
55.94431019497029, -3.1881188361402466, SSE, 55.94431019497029, -3.1881188361402466, 63.775421544612854, 245.3231837318418
55.944033031110536, -3.188004031110537, SW, 55.944033031110536, -3.188004031110537, 63.775421544612854, 244.0731837318418
55.94382089907618, -3.188216163144893, E, 55.94382089907618, -3.188216163144893, 63.775421544612854, 242.8231837318418
55.94382089907618, -3.1879161631448927, W, 55.94382089907618, -3.1879161631448927, 63.775421544612854, 241.5731837318418
55.94382089907618, -3.188216163144893, WSW, 55.94382089907618, -3.188216163144893, 157.28224212326774, 347.02995620672056
55.94370609404647, -3.1884933270046463, SE, 55.94370609404647, -3.1884933270046463, 157.28224212326774, 345.77995620672056
55.94349396201211, -3.1882811949702905, N, 55.94349396201211, -3.1882811949702905, 157.28224212326774, 344.52995620672056
55.943793962012116, -3.1882811949702905, NNW, 55.943793962012116, -3.1882811949702905, 157.28224212326774, 343.27995620672056
55.94407112587187, -3.188396, NE, 55.94407112587187, -3.188396, 157.28224212326774, 342.02995620672056
55.94428325790623, -3.1881838679656442, SW, 55.94428325790623, -3.1881838679656442, 157.28224212326774, 340.77995620672056
55.94407112587187, -3.188396, SE, 55.94407112587187, -3.188396, 157.28224212326774, 339.52995620672056
55.943858993837516, -3.1881838679656442, ENE, 55.943858993837516, -3.1881838679656442, 157.28224212326774, 338.27995620672056
55.943973798867226, -3.187906704105891, SSW, 55.943973798867226, -3.187906704105891, 157.28224212326774, 337.02995620672056
55.94369663500747, -3.1880215091356003, SSW, 55.94369663500747, -3.1880215091356003, 192.82461274221498, 393.22494595582435
55.94341947114771, -3.18813631416531, S, 55.94341947114771, -3.18813631416531, 275.1798398650047, 502.31177817498155
55.94311947114771, -3.18813631416531, SE, 55.94311947114771, -3.18813631416531, 275.1798398650047, 501.06177817498155
55.942907339113354, -3.187924182130954, SE, 55.942907339113354, -3.187924182130954, 360.78771237781257, 505.29583577830704
55.942695207079, -3.1877120500965983, ENE, 55.942695207079, -3.1877120500965983, 396.3533388189985, 546.1563707051041
55.94281001210871, -3.187434886236845, NNW, 55.94281001210871, -3.187434886236845, 396.3533388189985, 544.9063707051041
55.943087175968465, -3.1875496912665544, SW, 55.943087175968465, -3.1875496912665544, 396.3533388189985, 543.6563707051041
55.94287504393411, -3.18776182330091, WNW, 55.94287504393411, -3.18776182330091, 396.3533388189985, 542.4063707051041
55.94298984896382, -3.1880389871606636, WNW, 55.94298984896382, -3.1880389871606636, 396.3533388189985, 541.1563707051041
55.94310465399353, -3.188316151020417, NE, 55.94310465399353, -3.188316151020417, 396.3533388189985, 539.9063707051041
55.943316786027886, -3.188104018986061, ENE, 55.943316786027886, -3.188104018986061, 396.3533388189985, 538.6563707051041
55.943431591057596, -3.187826855126308, W, 55.943431591057596, -3.187826855126308, 396.3533388189985, 537.4063707051041
55.943431591057596, -3.188126855126308, ENE, 55.943431591057596, -3.188126855126308, 396.3533388189985, 536.1563707051041
55.94354639608731, -3.1878496912665546, SE, 55.94354639608731, -3.1878496912665546, 391.1846659181082, 501.41324761133507
55.94333426405295, -3.187637559232199, ESE, 55.94333426405295, -3.187637559232199, 391.1846659181082, 500.16324761133507
55.94321945902324, -3.1873603953724454, NE, 55.94321945902324, -3.1873603953724454, 442.7541533648435, 599.2943212507287
55.943431591057596, -3.1871482633380896, SSW, 55.943431591057596, -3.1871482633380896, 442.7541533648435, 598.0443212507287
55.94315442719784, -3.187263068367799, S, 55.94315442719784, -3.187263068367799, 442.7541533648435, 596.7943212507287
55.94285442719784, -3.187263068367799, N, 55.94285442719784, -3.187263068367799, 442.7541533648435, 595.5443212507287
55.94315442719784, -3.187263068367799, E, 55.94315442719784, -3.187263068367799, 442.7541533648435, 594.2943212507287
55.94315442719784, -3.186963068367799, NNW, 55.94315442719784, -3.186963068367799, 442.7541533648435, 593.0443212507287
55.943431591057596, -3.1870778733975085, SSE, 55.943431591057596, -3.1870778733975085, 442.7541533648435, 591.7943212507287
55.94315442719784, -3.186963068367799, NW, 55.94315442719784, -3.186963068367799, 442.7541533648435, 590.5443212507287
55.943366559232196, -3.1871752004021547, ESE, 55.943366559232196, -3.1871752004021547, 442.7541533648435, 589.2943212507287
55.943251754202485, -3.1868980365424013, W, 55.943251754202485, -3.1868980365424013, 442.7541533648435, 588.0443212507287
55.943251754202485, -3.1871980365424015, N, 55.943251754202485, -3.1871980365424015, 442.7541533648435, 586.7943212507287
55.94355175420249, -3.1871980365424015, W, 55.94355175420249, -3.1871980365424015, 442.7541533648435, 585.5443212507287
55.94355175420249, -3.1874980365424017, SSE, 55.94355175420249, -3.1874980365424017, 442.7541533648435, 584.2943212507287
55.94327459034273, -3.187383231512692, NE, 55.94327459034273, -3.187383231512692, 442.7541533648435, 583.0443212507287
55.94348672237709, -3.1871710994783364, N, 55.94348672237709, -3.1871710994783364, 393.41751355682663, 477.0248545841072
55.94378672237709, -3.1871710994783364, S, 55.94378672237709, -3.1871710994783364, 393.41751355682663, 475.7748545841072
55.94348672237709, -3.1871710994783364, NNW, 55.94348672237709, -3.1871710994783364, 393.41751355682663, 474.5248545841072
55.943763886236844, -3.187285904508046, SE, 55.943763886236844, -3.187285904508046, 393.41751355682663, 473.2748545841072
55.94355175420249, -3.18707377247369, N, 55.94355175420249, -3.18707377247369, 393.41751355682663, 472.0248545841072
55.94385175420249, -3.18707377247369, S, 55.94385175420249, -3.18707377247369, 393.41751355682663, 470.7748545841072
55.94355175420249, -3.18707377247369, WNW, 55.94355175420249, -3.18707377247369, 393.41751355682663, 469.5248545841072
55.9436665592322, -3.1873509363334436, W, 55.9436665592322, -3.1873509363334436, 479.1245825745244, 536.496627476376
55.9436665592322, -3.1876509363334438, SE, 55.9436665592322, -3.1876509363334438, 479.1245825745244, 535.246627476376
55.94345442719784, -3.187438804299088, ENE, 55.94345442719784, -3.187438804299088, 479.1245825745244, 533.996627476376
55.94356923222755, -3.1871616404393346, NW, 55.94356923222755, -3.1871616404393346, 479.1245825745244, 532.746627476376
55.94378136426191, -3.1873737724736904, E, 55.94378136426191, -3.1873737724736904, 479.1245825745244, 531.496627476376
55.94378136426191, -3.18707377247369, NE, 55.94378136426191, -3.18707377247369, 479.1245825745244, 530.246627476376
55.943993496296265, -3.1868616404393344, E, 55.943993496296265, -3.1868616404393344, 479.1245825745244, 528.996627476376
55.943993496296265, -3.186561640439334, SE, 55.943993496296265, -3.186561640439334, 555.7149098215782, 550.5246737170266
55.94378136426191, -3.1863495084049784, SE, 55.94378136426191, -3.1863495084049784, 555.7149098215782, 549.2746737170266
55.94356923222755, -3.1861373763706227, ENE, 55.94356923222755, -3.1861373763706227, 632.4288716931089, 666.6171532726686
55.94368403725726, -3.1858602125108693, S, 55.94368403725726, -3.1858602125108693, 632.4288716931089, 665.3671532726686
55.94338403725726, -3.1858602125108693, NE, 55.94338403725726, -3.1858602125108693, 632.4288716931089, 664.1171532726686
55.94359616929162, -3.1856480804765135, E, 55.94359616929162, -3.1856480804765135, 632.4288716931089, 662.8671532726686
55.94359616929162, -3.1853480804765133, W, 55.94359616929162, -3.1853480804765133, 632.4288716931089, 661.6171532726686
55.94359616929162, -3.1856480804765135, E, 55.94359616929162, -3.1856480804765135, 632.4288716931089, 660.3671532726686
55.94359616929162, -3.1853480804765133, ESE, 55.94359616929162, -3.1853480804765133, 632.4288716931089, 659.1171532726686
55.943481364261906, -3.18507091661676, WNW, 55.943481364261906, -3.18507091661676, 632.4288716931089, 657.8671532726686
55.94359616929162, -3.1853480804765133, E, 55.94359616929162, -3.1853480804765133, 632.4288716931089, 656.6171532726686
55.94359616929162, -3.185048080476513, SSW, 55.94359616929162, -3.185048080476513, 632.4288716931089, 655.3671532726686
55.94331900543186, -3.1851628855062226, NNE, 55.94331900543186, -3.1851628855062226, 632.4288716931089, 654.1171532726686
55.94359616929162, -3.185048080476513, NNW, 55.94359616929162, -3.185048080476513, 632.4288716931089, 652.8671532726686
55.94387333315137, -3.1851628855062226, NNW, 55.94387333315137, -3.1851628855062226, 632.4288716931089, 651.6171532726686
55.94415049701113, -3.185277690535932, SW, 55.94415049701113, -3.185277690535932, 632.4288716931089, 650.3671532726686
55.94393836497677, -3.185489822570288, NNW, 55.94393836497677, -3.185489822570288, 632.4288716931089, 649.1171532726686
55.94421552883653, -3.1856046275999974, NNW, 55.94421552883653, -3.1856046275999974, 653.644654307587, 663.9543537674887
55.944492692696286, -3.185719432629707, E, 55.944492692696286, -3.185719432629707, 653.644654307587, 662.7043537674887
55.944492692696286, -3.1854194326297067, W, 55.944492692696286, -3.1854194326297067, 653.644654307587, 661.4543537674887
55.944492692696286, -3.185719432629707, NNW, 55.944492692696286, -3.185719432629707, 653.644654307587, 660.2043537674887
55.94476985655604, -3.1858342376594164, S, 55.94476985655604, -3.1858342376594164, 653.644654307587, 658.9543537674887
55.94446985655604, -3.1858342376594164, SSW, 55.94446985655604, -3.1858342376594164, 653.644654307587, 657.7043537674887
55.944192692696284, -3.185949042689126, WSW, 55.944192692696284, -3.185949042689126, 653.644654307587, 656.4543537674887
55.94407788766657, -3.1862262065488793, SE, 55.94407788766657, -3.1862262065488793, 653.644654307587, 655.2043537674887
55.94386575563222, -3.1860140745145236, E, 55.94386575563222, -3.1860140745145236, 653.644654307587, 653.9543537674887
55.94386575563222, -3.1857140745145234, NNE, 55.94386575563222, -3.1857140745145234, 653.644654307587, 652.7043537674887
55.94414291949197, -3.185599269484814, ESE, 55.94414291949197, -3.185599269484814, 653.644654307587, 651.4543537674887
55.94402811446226, -3.1853221056250605, ENE, 55.94402811446226, -3.1853221056250605, 653.644654307587, 650.2043537674887
55.94414291949197, -3.185044941765307, SSE, 55.94414291949197, -3.185044941765307, 653.644654307587, 648.9543537674887
55.94386575563222, -3.1849301367355976, E, 55.94386575563222, -3.1849301367355976, 653.644654307587, 647.7043537674887
55.94386575563222, -3.1846301367355974, SE, 55.94386575563222, -3.1846301367355974, 771.5150320261014, 723.576772886214
55.94365362359786, -3.1844180047012416, SSW, 55.94365362359786, -3.1844180047012416, 771.5150320261014, 722.326772886214
55.943376459738104, -3.184532809730951, SE, 55.943376459738104, -3.184532809730951, 806.0147694317862, 819.0235427253822
55.94316432770375, -3.1843206776965953, NNW, 55.94316432770375, -3.1843206776965953, 806.0147694317862, 817.7735427253822
55.943441491563505, -3.184435482726305, NW, 55.943441491563505, -3.184435482726305, 806.0147694317862, 816.5235427253822
55.94365362359786, -3.1846476147606606, NNW, 55.94365362359786, -3.1846476147606606, 806.0147694317862, 815.2735427253822
55.94393078745762, -3.18476241979037, SE, 55.94393078745762, -3.18476241979037, 806.0147694317862, 814.0235427253822
55.94371865542326, -3.1845502877560143, WNW, 55.94371865542326, -3.1845502877560143, 806.0147694317862, 812.7735427253822
55.94383346045297, -3.1848274516157677, WSW, 55.94383346045297, -3.1848274516157677, 806.0147694317862, 811.5235427253822
55.94371865542326, -3.185104615475521, E, 55.94371865542326, -3.185104615475521, 806.0147694317862, 810.2735427253822
55.94371865542326, -3.184804615475521, WSW, 55.94371865542326, -3.184804615475521, 806.0147694317862, 809.0235427253822
55.94360385039355, -3.1850817793352744, S, 55.94360385039355, -3.1850817793352744, 806.0147694317862, 807.7735427253822
55.94330385039355, -3.1850817793352744, NW, 55.94330385039355, -3.1850817793352744, 806.0147694317862, 806.5235427253822
55.943515982427904, -3.18529391136963, SW, 55.943515982427904, -3.18529391136963, 806.0147694317862, 805.2735427253822
55.94330385039355, -3.185506043403986, E, 55.94330385039355, -3.185506043403986, 806.0147694317862, 804.0235427253822
55.94330385039355, -3.1852060434039857, SSW, 55.94330385039355, -3.1852060434039857, 806.0147694317862, 802.7735427253822
55.94302668653379, -3.1853208484336952, WNW, 55.94302668653379, -3.1853208484336952, 806.0147694317862, 801.5235427253822
55.9431414915635, -3.1855980122934486, SSE, 55.9431414915635, -3.1855980122934486, 806.0147694317862, 800.2735427253822
55.942864327703745, -3.185483207263739, N, 55.942864327703745, -3.185483207263739, 806.0147694317862, 799.0235427253822
55.94316432770375, -3.185483207263739, SSW, 55.94316432770375, -3.185483207263739, 806.0147694317862, 797.7735427253822
55.94288716384399, -3.1855980122934486, NNW, 55.94288716384399, -3.1855980122934486, 806.0147694317862, 796.5235427253822
55.94316432770375, -3.185712817323158, ESE, 55.94316432770375, -3.185712817323158, 806.0147694317862, 795.2735427253822
55.94304952267404, -3.1854356534634047, SW, 55.94304952267404, -3.1854356534634047, 806.0147694317862, 794.0235427253822
55.94283739063968, -3.1856477854977605, NW, 55.94283739063968, -3.1856477854977605, 806.0147694317862, 792.7735427253822
55.94304952267404, -3.1858599175321163, ENE, 55.94304952267404, -3.1858599175321163, 806.0147694317862, 791.5235427253822
55.94316432770375, -3.185582753672363, ESE, 55.94316432770375, -3.185582753672363, 806.0147694317862, 790.2735427253822
55.94304952267404, -3.1853055898126095, E, 55.94304952267404, -3.1853055898126095, 806.0147694317862, 789.0235427253822
55.94304952267404, -3.1850055898126093, WNW, 55.94304952267404, -3.1850055898126093, 806.0147694317862, 787.7735427253822
55.94316432770375, -3.1852827536723627, SSE, 55.94316432770375, -3.1852827536723627, 806.0147694317862, 786.5235427253822
55.94288716384399, -3.185167948642653, ENE, 55.94288716384399, -3.185167948642653, 806.0147694317862, 785.2735427253822
55.9430019688737, -3.1848907847828998, W, 55.9430019688737, -3.1848907847828998, 806.0147694317862, 784.0235427253822
55.9430019688737, -3.1851907847829, SSW, 55.9430019688737, -3.1851907847829, 806.0147694317862, 782.7735427253822
55.942724805013945, -3.1853055898126095, NE, 55.942724805013945, -3.1853055898126095, 806.0147694317862, 781.5235427253822
55.9429369370483, -3.1850934577782537, NW, 55.9429369370483, -3.1850934577782537, 806.0147694317862, 780.2735427253822
55.94314906908266, -3.1853055898126095, N, 55.94314906908266, -3.1853055898126095, 806.0147694317862, 779.0235427253822
55.94344906908266, -3.1853055898126095, NW, 55.94344906908266, -3.1853055898126095, 806.0147694317862, 777.7735427253822
55.94366120111702, -3.1855177218469652, NW, 55.94366120111702, -3.1855177218469652, 806.0147694317862, 776.5235427253822
55.94387333315137, -3.185729853881321, SSW, 55.94387333315137, -3.185729853881321, 806.0147694317862, 775.2735427253822
55.94359616929162, -3.1858446589110305, SSE, 55.94359616929162, -3.1858446589110305, 806.0147694317862, 774.0235427253822
55.94331900543186, -3.185729853881321, S, 55.94331900543186, -3.185729853881321, 806.0147694317862, 772.7735427253822
55.94301900543186, -3.185729853881321, E, 55.94301900543186, -3.185729853881321, 806.0147694317862, 771.5235427253822
55.94301900543186, -3.185429853881321, SSW, 55.94301900543186, -3.185429853881321, 806.0147694317862, 770.2735427253822
55.9427418415721, -3.1855446589110303, WSW, 55.9427418415721, -3.1855446589110303, 806.0147694317862, 769.0235427253822
55.94262703654239, -3.1858218227707837, ENE, 55.94262703654239, -3.1858218227707837, 806.0147694317862, 767.7735427253822
55.9427418415721, -3.1855446589110303, NE, 55.9427418415721, -3.1855446589110303, 806.0147694317862, 766.5235427253822
55.94295397360646, -3.1853325268766746, E, 55.94295397360646, -3.1853325268766746, 806.0147694317862, 765.2735427253822
55.94295397360646, -3.1850325268766744, SSW, 55.94295397360646, -3.1850325268766744, 806.0147694317862, 764.0235427253822
55.9426768097467, -3.185147331906384, WNW, 55.9426768097467, -3.185147331906384, 806.0147694317862, 762.7735427253822
55.94279161477641, -3.1854244957661373, ESE, 55.94279161477641, -3.1854244957661373, 806.0147694317862, 761.5235427253822
55.9426768097467, -3.185147331906384, WNW, 55.9426768097467, -3.185147331906384, 806.0147694317862, 760.2735427253822
55.94279161477641, -3.1854244957661373, N, 55.94279161477641, -3.1854244957661373, 806.0147694317862, 759.0235427253822
55.943091614776414, -3.1854244957661373, NNE, 55.943091614776414, -3.1854244957661373, 806.0147694317862, 757.7735427253822
55.94336877863617, -3.185309690736428, W, 55.94336877863617, -3.185309690736428, 806.0147694317862, 756.5235427253822
55.94336877863617, -3.185609690736428, NNW, 55.94336877863617, -3.185609690736428, 806.0147694317862, 755.2735427253822
55.94364594249593, -3.1857244957661375, S, 55.94364594249593, -3.1857244957661375, 806.0147694317862, 754.0235427253822
55.943345942495924, -3.1857244957661375, ESE, 55.943345942495924, -3.1857244957661375, 806.0147694317862, 752.7735427253822
55.94323113746621, -3.185447331906384, S, 55.94323113746621, -3.185447331906384, 806.0147694317862, 751.5235427253822
55.94293113746621, -3.185447331906384, SSW, 55.94293113746621, -3.185447331906384, 806.0147694317862, 750.2735427253822
55.942653973606454, -3.1855621369360936, NNW, 55.942653973606454, -3.1855621369360936, 806.0147694317862, 749.0235427253822
55.94293113746621, -3.185676941965803, NE, 55.94293113746621, -3.185676941965803, 806.0147694317862, 747.7735427253822
55.94314326950057, -3.1854648099314473, NW, 55.94314326950057, -3.1854648099314473, 806.0147694317862, 746.5235427253822
55.94335540153492, -3.185676941965803, SW, 55.94335540153492, -3.185676941965803, 806.0147694317862, 745.2735427253822
55.94314326950057, -3.185889074000159, NNE, 55.94314326950057, -3.185889074000159, 806.0147694317862, 744.0235427253822
55.94342043336032, -3.1857742689704494, S, 55.94342043336032, -3.1857742689704494, 806.0147694317862, 742.7735427253822
55.94312043336032, -3.1857742689704494, ESE, 55.94312043336032, -3.1857742689704494, 806.0147694317862, 741.5235427253822
55.94300562833061, -3.185497105110696, S, 55.94300562833061, -3.185497105110696, 806.0147694317862, 740.2735427253822
55.94270562833061, -3.185497105110696, N, 55.94270562833061, -3.185497105110696, 806.0147694317862, 739.0235427253822
55.94300562833061, -3.185497105110696, E, 55.94300562833061, -3.185497105110696, 806.0147694317862, 737.7735427253822
55.94300562833061, -3.1851971051106958, SSE, 55.94300562833061, -3.1851971051106958, 806.0147694317862, 736.5235427253822
55.942728464470854, -3.1850823000809863, WNW, 55.942728464470854, -3.1850823000809863, 806.0147694317862, 735.2735427253822
55.942843269500564, -3.1853594639407397, NNW, 55.942843269500564, -3.1853594639407397, 806.0147694317862, 734.0235427253822
55.94312043336032, -3.185474268970449, SSW, 55.94312043336032, -3.185474268970449, 806.0147694317862, 732.7735427253822
55.942843269500564, -3.1855890740001587, SW, 55.942843269500564, -3.1855890740001587, 806.0147694317862, 731.5235427253822
55.94263113746621, -3.1858012060345144, NNW, 55.94263113746621, -3.1858012060345144, 806.0147694317862, 730.2735427253822
55.942908301325964, -3.185916011064224, NNE, 55.942908301325964, -3.185916011064224, 806.0147694317862, 729.0235427253822
55.94318546518572, -3.1858012060345144, WNW, 55.94318546518572, -3.1858012060345144, 806.0147694317862, 727.7735427253822
55.94330027021543, -3.186078369894268, NW, 55.94330027021543, -3.186078369894268, 806.0147694317862, 726.5235427253822
55.94351240224979, -3.1862905019286236, NE, 55.94351240224979, -3.1862905019286236, 806.0147694317862, 725.2735427253822
55.943724534284144, -3.186078369894268, N, 55.943724534284144, -3.186078369894268, 806.0147694317862, 724.0235427253822
55.94402453428415, -3.186078369894268, NW, 55.94402453428415, -3.186078369894268, 806.0147694317862, 722.7735427253822
55.9442366663185, -3.1862905019286236, N, 55.9442366663185, -3.1862905019286236, 806.0147694317862, 721.5235427253822
55.944536666318506, -3.1862905019286236, SSE, 55.944536666318506, -3.1862905019286236, 806.0147694317862, 720.2735427253822
55.94425950245875, -3.186175696898914, N, 55.94425950245875, -3.186175696898914, 806.0147694317862, 719.0235427253822
55.94455950245875, -3.186175696898914, WNW, 55.94455950245875, -3.186175696898914, 806.0147694317862, 717.7735427253822
55.94467430748846, -3.1864528607586675, WSW, 55.94467430748846, -3.1864528607586675, 806.0147694317862, 716.5235427253822
55.94455950245875, -3.186730024618421, WNW, 55.94455950245875, -3.186730024618421, 900.9930365093344, 765.1421225133232
55.94467430748846, -3.1870071884781743, WSW, 55.94467430748846, -3.1870071884781743, 900.9930365093344, 763.8921225133232
55.94455950245875, -3.1872843523379277, SW, 55.94455950245875, -3.1872843523379277, 942.850869261044, 837.2572627470315
55.944347370424396, -3.1874964843722835, NW, 55.944347370424396, -3.1874964843722835, 942.850869261044, 836.0072627470315
55.94455950245875, -3.1877086164066393, NW, 55.94455950245875, -3.1877086164066393, 942.850869261044, 834.7572627470315
55.94477163449311, -3.187920748440995, WSW, 55.94477163449311, -3.187920748440995, 942.850869261044, 833.5072627470315
55.9446568294634, -3.1881979123007484, SE, 55.9446568294634, -3.1881979123007484, 942.850869261044, 832.2572627470315
55.94444469742904, -3.1879857802663927, NW, 55.94444469742904, -3.1879857802663927, 942.850869261044, 831.0072627470315
55.9446568294634, -3.1881979123007484, SSE, 55.9446568294634, -3.1881979123007484, 942.850869261044, 829.7572627470315
55.94437966560364, -3.188083107271039, W, 55.94437966560364, -3.188083107271039, 942.850869261044, 828.5072627470315
55.94437966560364, -3.188383107271039, N, 55.94437966560364, -3.188383107271039, 942.850869261044, 827.2572627470315
55.944679665603644, -3.188383107271039, NNW, 55.944679665603644, -3.188383107271039, 942.850869261044, 826.0072627470315
55.9449568294634, -3.1884979123007486, NNW, 55.9449568294634, -3.1884979123007486, 927.1665670654222, 800.7140547818344
55.94523399332316, -3.188612717330458, WSW, 55.94523399332316, -3.188612717330458, 893.208118538106, 676.4247827990976
55.94511918829345, -3.1888898811902116, SSW, 55.94511918829345, -3.1888898811902116, 893.208118538106, 675.1747827990976
55.94484202443369, -3.189004686219921, SW, 55.94484202443369, -3.189004686219921, 1001.08949914683, 699.1899687897818
55.944629892399334, -3.189216818254277, ENE, 55.944629892399334, -3.189216818254277, 1001.08949914683, 697.9399687897818
55.944744697429044, -3.1889396543945234, WNW, 55.944744697429044, -3.1889396543945234, 1001.08949914683, 696.6899687897818
55.944859502458755, -3.189216818254277, WNW, 55.944859502458755, -3.189216818254277, 1001.08949914683, 695.4399687897818
55.944974307488465, -3.1894939821140302, ENE, 55.944974307488465, -3.1894939821140302, 1001.08949914683, 694.1899687897818
55.945089112518176, -3.189216818254277, NNE, 55.945089112518176, -3.189216818254277, 1001.08949914683, 692.9399687897818
55.94536627637793, -3.1891020132245673, S, 55.94536627637793, -3.1891020132245673, 1001.08949914683, 691.6899687897818
55.94506627637793, -3.1891020132245673, SW, 55.94506627637793, -3.1891020132245673, 1001.08949914683, 690.4399687897818
55.94485414434357, -3.189314145258923, NE, 55.94485414434357, -3.189314145258923, 1001.08949914683, 689.1899687897818
55.94506627637793, -3.1891020132245673, WNW, 55.94506627637793, -3.1891020132245673, 1001.08949914683, 687.9399687897818
55.94518108140764, -3.1893791770843207, W, 55.94518108140764, -3.1893791770843207, 1001.08949914683, 686.6899687897818
55.94518108140764, -3.189679177084321, NNW, 55.94518108140764, -3.189679177084321, 1001.08949914683, 685.4399687897818
55.945458245267396, -3.1897939821140304, NNE, 55.945458245267396, -3.1897939821140304, 1001.08949914683, 684.1899687897818
55.94573540912715, -3.189679177084321, NNW, 55.94573540912715, -3.189679177084321, 1102.8100205769247, 800.7416116122762
55.94601257298691, -3.1897939821140304, ENE, 55.94601257298691, -3.1897939821140304, 1102.8100205769247, 799.4916116122762
55.94612737801662, -3.189516818254277, SW, 55.94612737801662, -3.189516818254277, 1102.8100205769247, 798.2416116122762
55.94591524598226, -3.189728950288633, SW, 55.94591524598226, -3.189728950288633, 1102.8100205769247, 796.9916116122762
55.94570311394791, -3.1899410823229886, SE, 55.94570311394791, -3.1899410823229886, 1102.8100205769247, 795.7416116122762
55.94549098191355, -3.189728950288633, SE, 55.94549098191355, -3.189728950288633, 1102.8100205769247, 794.4916116122762
55.945278849879195, -3.189516818254277, SSE, 55.945278849879195, -3.189516818254277, 1102.8100205769247, 793.2416116122762
55.94500168601944, -3.1894020132245675, S, 55.94500168601944, -3.1894020132245675, 1102.8100205769247, 791.9916116122762
55.944701686019435, -3.1894020132245675, NNE, 55.944701686019435, -3.1894020132245675, 1102.8100205769247, 790.7416116122762
55.94497884987919, -3.189287208194858, N, 55.94497884987919, -3.189287208194858, 1102.8100205769247, 789.4916116122762
55.945278849879195, -3.189287208194858, W, 55.945278849879195, -3.189287208194858, 1102.8100205769247, 788.2416116122762
55.945278849879195, -3.189587208194858, NW, 55.945278849879195, -3.189587208194858, 1102.8100205769247, 786.9916116122762
55.94549098191355, -3.189799340229214, WNW, 55.94549098191355, -3.189799340229214, 1102.8100205769247, 785.7416116122762
55.94560578694326, -3.1900765040889674, NE, 55.94560578694326, -3.1900765040889674, 1102.8100205769247, 784.4916116122762
55.94581791897762, -3.1898643720546116, SSE, 55.94581791897762, -3.1898643720546116, 1102.8100205769247, 783.2416116122762
55.94554075511786, -3.189749567024902, E, 55.94554075511786, -3.189749567024902, 1102.8100205769247, 781.9916116122762
55.94554075511786, -3.189449567024902, WSW, 55.94554075511786, -3.189449567024902, 1102.8100205769247, 780.7416116122762
55.94542595008815, -3.1897267308846553, WSW, 55.94542595008815, -3.1897267308846553, 1102.8100205769247, 779.4916116122762
55.94531114505844, -3.1900038947444087, SE, 55.94531114505844, -3.1900038947444087, 1102.8100205769247, 778.2416116122762
55.945099013024084, -3.189791762710053, S, 55.945099013024084, -3.189791762710053, 1132.058264210573, 787.8604223173239
55.94479901302408, -3.189791762710053, SSW, 55.94479901302408, -3.189791762710053, 1132.058264210573, 786.6104223173239
55.944521849164325, -3.1899065677397624, NE, 55.944521849164325, -3.1899065677397624, 1132.058264210573, 785.3604223173239
55.94473398119868, -3.1896944357054067, W, 55.94473398119868, -3.1896944357054067, 1132.058264210573, 784.1104223173239
55.94473398119868, -3.189994435705407, SSE, 55.94473398119868, -3.189994435705407, 1132.058264210573, 782.8604223173239
55.944456817338924, -3.1898796306756974, SE, 55.944456817338924, -3.1898796306756974, 1132.058264210573, 781.6104223173239
55.94424468530457, -3.1896674986413416, NNW, 55.94424468530457, -3.1896674986413416, 1132.058264210573, 780.3604223173239
55.944521849164325, -3.189782303671051, NNE, 55.944521849164325, -3.189782303671051, 1132.058264210573, 779.1104223173239
55.94479901302408, -3.1896674986413416, NNE, 55.94479901302408, -3.1896674986413416, 1132.058264210573, 777.8604223173239
55.94507617688384, -3.189552693611632, NNW, 55.94507617688384, -3.189552693611632, 1132.058264210573, 776.6104223173239
55.945353340743594, -3.1896674986413416, W, 55.945353340743594, -3.1896674986413416, 1132.058264210573, 775.3604223173239
55.945353340743594, -3.1899674986413418, WSW, 55.945353340743594, -3.1899674986413418, 1132.058264210573, 774.1104223173239
55.945238535713884, -3.190244662501095, ESE, 55.945238535713884, -3.190244662501095, 1132.058264210573, 772.8604223173239
55.94512373068417, -3.1899674986413418, WSW, 55.94512373068417, -3.1899674986413418, 1132.058264210573, 771.6104223173239
55.94500892565446, -3.190244662501095, SW, 55.94500892565446, -3.190244662501095, 1237.8988223006393, 878.4442362187169
55.94479679362011, -3.190456794535451, ESE, 55.94479679362011, -3.190456794535451, 1237.8988223006393, 877.1942362187169
55.944681988590396, -3.1901796306756975, N, 55.944681988590396, -3.1901796306756975, 1237.8988223006393, 875.9442362187169
55.9449819885904, -3.1901796306756975, ENE, 55.9449819885904, -3.1901796306756975, 1237.8988223006393, 874.6942362187169
55.94509679362011, -3.189902466815944, ENE, 55.94509679362011, -3.189902466815944, 1237.8988223006393, 873.4442362187169
55.94521159864982, -3.1896253029561907, N, 55.94521159864982, -3.1896253029561907, 1237.8988223006393, 872.1942362187169
55.94551159864982, -3.1896253029561907, NE, 55.94551159864982, -3.1896253029561907, 1237.8988223006393, 870.9442362187169
55.94572373068418, -3.189413170921835, WNW, 55.94572373068418, -3.189413170921835, 1237.8988223006393, 869.6942362187169
55.94583853571389, -3.1896903347815884, ENE, 55.94583853571389, -3.1896903347815884, 1237.8988223006393, 868.4442362187169
55.9459533407436, -3.189413170921835, WNW, 55.9459533407436, -3.189413170921835, 1237.8988223006393, 867.1942362187169
55.94606814577331, -3.1896903347815884, WSW, 55.94606814577331, -3.1896903347815884, 1237.8988223006393, 865.9442362187169
55.9459533407436, -3.1899674986413418, W, 55.9459533407436, -3.1899674986413418, 1237.8988223006393, 864.6942362187169
55.9459533407436, -3.190267498641342, E, 55.9459533407436, -3.190267498641342, 1237.8988223006393, 863.4442362187169
55.9459533407436, -3.1899674986413418, NE, 55.9459533407436, -3.1899674986413418, 1237.8988223006393, 862.1942362187169