55.944425, -3.188396, WNW, 55.944425, -3.188396, 0.0, 248.75
55.94453980502971, -3.1886731638597534, SSW, 55.94453980502971, -3.1886731638597534, 71.74074826922059, 338.3703173984811
55.944262641169956, -3.188787968889463, NE, 55.944262641169956, -3.188787968889463, 89.70792575958765, 395.98415968532464
55.94447477320431, -3.188575836855107, E, 55.94447477320431, -3.188575836855107, 89.70792575958765, 394.73415968532464
55.94447477320431, -3.188275836855107, ENE, 55.94447477320431, -3.188275836855107, 191.10308634160012, 450.68620671075496
55.94458957823402, -3.1879986729953536, S, 55.94458957823402, -3.1879986729953536, 191.10308634160012, 449.43620671075496
55.94428957823402, -3.1879986729953536, S, 55.94428957823402, -3.1879986729953536, 191.10308634160012, 448.18620671075496
55.94398957823402, -3.1879986729953536, SE, 55.94398957823402, -3.1879986729953536, 207.44067492924134, 568.379545815292
55.94377744619966, -3.187786540960998, E, 55.94377744619966, -3.187786540960998, 207.44067492924134, 567.129545815292
55.94377744619966, -3.1874865409609976, ESE, 55.94377744619966, -3.1874865409609976, 230.3960223188514, 622.3222346408678
55.94366264116995, -3.187209377101244, SSE, 55.94366264116995, -3.187209377101244, 230.3960223188514, 621.0722346408678
55.943385477310194, -3.1870945720715347, SE, 55.943385477310194, -3.1870945720715347, 230.3960223188514, 619.8222346408678
55.94317334527584, -3.186882440037179, SSE, 55.94317334527584, -3.186882440037179, 284.94585563073275, 683.6887141074099
55.94289618141608, -3.1867676350074694, ENE, 55.94289618141608, -3.1867676350074694, 284.94585563073275, 682.4387141074099
55.94301098644579, -3.186490471147716, ENE, 55.94301098644579, -3.186490471147716, 284.94585563073275, 681.1887141074099
55.9431257914755, -3.1862133072879626, ENE, 55.9431257914755, -3.1862133072879626, 284.94585563073275, 679.9387141074099
55.94324059650521, -3.185936143428209, ESE, 55.94324059650521, -3.185936143428209, 336.13701608441085, 803.378843324779
55.9431257914755, -3.185658979568456, ESE, 55.9431257914755, -3.185658979568456, 359.07076604189916, 822.0135448417905
55.94301098644579, -3.1853818157087024, NE, 55.94301098644579, -3.1853818157087024, 359.07076604189916, 820.7635448417905
55.94322311848015, -3.1851696836743466, ENE, 55.94322311848015, -3.1851696836743466, 359.07076604189916, 819.5135448417905
55.94333792350986, -3.184892519814593, NE, 55.94333792350986, -3.184892519814593, 371.8720301444611, 896.7531683940881
55.943550055544215, -3.1846803877802374, NNW, 55.943550055544215, -3.1846803877802374, 371.8720301444611, 895.5031683940881
55.94382721940397, -3.184795192809947, WNW, 55.94382721940397, -3.184795192809947, 371.8720301444611, 894.2531683940881
55.94394202443368, -3.1850723566697003, NNW, 55.94394202443368, -3.1850723566697003, 483.9747696398555, 894.6908428222331
55.94421918829344, -3.18518716169941, WSW, 55.94421918829344, -3.18518716169941, 483.9747696398555, 893.4408428222331
55.94410438326373, -3.1854643255591633, WNW, 55.94410438326373, -3.1854643255591633, 602.1269586602278, 965.667544551324
55.94421918829344, -3.1857414894189167, NNW, 55.94421918829344, -3.1857414894189167, 602.1269586602278, 964.417544551324
55.944496352153195, -3.185856294448626, WNW, 55.944496352153195, -3.185856294448626, 602.1269586602278, 963.167544551324
55.944611157182905, -3.1861334583083796, WSW, 55.944611157182905, -3.1861334583083796, 624.774207174173, 1035.5023020920426
55.944496352153195, -3.186410622168133, N, 55.944496352153195, -3.186410622168133, 624.774207174173, 1034.2523020920426
55.9447963521532, -3.186410622168133, N, 55.9447963521532, -3.186410622168133, 624.774207174173, 1033.0023020920426
55.9450963521532, -3.186410622168133, N, 55.9450963521532, -3.186410622168133, 624.774207174173, 1031.7523020920426
55.9453963521532, -3.186410622168133, N, 55.9453963521532, -3.186410622168133, 660.8774728224455, 1068.3534212533882
55.945696352153206, -3.186410622168133, WNW, 55.945696352153206, -3.186410622168133, 660.8774728224455, 1067.1034212533882
55.945811157182916, -3.1866877860278864, W, 55.945811157182916, -3.1866877860278864, 692.890970194523, 1077.459502161716
55.945811157182916, -3.1869877860278866, W, 55.945811157182916, -3.1869877860278866, 692.890970194523, 1076.209502161716
55.945811157182916, -3.1872877860278868, W, 55.945811157182916, -3.1872877860278868, 692.890970194523, 1074.959502161716
55.945811157182916, -3.187587786027887, WSW, 55.945811157182916, -3.187587786027887, 692.890970194523, 1073.709502161716
55.945696352153206, -3.1878649498876404, WSW, 55.945696352153206, -3.1878649498876404, 801.0164090856573, 1146.182467933821
55.945581547123496, -3.1881421137473938, NW, 55.945581547123496, -3.1881421137473938, 864.1197476113623, 1171.3543252370273
55.94579367915785, -3.1883542457817495, NNW, 55.94579367915785, -3.1883542457817495, 885.3277044614674, 1277.8320374484151
55.94607084301761, -3.188469050811459, SSW, 55.94607084301761, -3.188469050811459, 885.3277044614674, 1276.5820374484151
55.94579367915785, -3.1885838558411685, SW, 55.94579367915785, -3.1885838558411685, 931.584907025426, 1321.3691941848044
55.945581547123496, -3.1887959878755243, WSW, 55.945581547123496, -3.1887959878755243, 931.584907025426, 1320.1191941848044
55.945466742093785, -3.1890731517352777, WSW, 55.945466742093785, -3.1890731517352777, 931.584907025426, 1318.8691941848044
55.945351937064075, -3.189350315595031, WSW, 55.945351937064075, -3.189350315595031, 1049.2259121074671, 1367.7659166171331
55.945237132034364, -3.1896274794547845, NW, 55.945237132034364, -3.1896274794547845, 1049.2259121074671, 1366.5159166171331
55.94544926406872, -3.1898396114891403, W, 55.94544926406872, -3.1898396114891403, 1049.2259121074671, 1365.2659166171331
55.94544926406872, -3.1901396114891405, NNW, 55.94544926406872, -3.1901396114891405, 1158.494786192909, 1381.4391632526037
55.94572642792848, -3.19025441651885, NNW, 55.94572642792848, -3.19025441651885, 1158.494786192909, 1380.1891632526037
55.946003591788234, -3.1903692215485595, WNW, 55.946003591788234, -3.1903692215485595, 1158.494786192909, 1378.9391632526037
55.946118396817944, -3.190646385408313, SW, 55.946118396817944, -3.190646385408313, 1209.7467876162743, 1497.672016416968
55.94590626478359, -3.1908585174426687, S, 55.94590626478359, -3.1908585174426687, 1209.7467876162743, 1496.422016416968
55.945606264783585, -3.1908585174426687, NNE, 55.945606264783585, -3.1908585174426687, 1308.3234644423883, 1584.1049970666945
55.94588342864334, -3.190743712412959, W, 55.94588342864334, -3.190743712412959, 1308.3234644423883, 1582.8549970666945
55.94588342864334, -3.1910437124129594, W, 55.94588342864334, -3.1910437124129594, 1332.8185856433822, 1677.7147163544414
55.94588342864334, -3.1913437124129596, WSW, 55.94588342864334, -3.1913437124129596, 1332.8185856433822, 1676.4647163544414
55.94576862361363, -3.191620876272713, WSW, 55.94576862361363, -3.191620876272713, 1391.7782841332446, 1683.4613707816914
55.94565381858392, -3.1918980401324664, WNW, 55.94565381858392, -3.1918980401324664, 1499.089312620886, 1714.8631875806102
55.94576862361363, -3.1921752039922198, NW, 55.94576862361363, -3.1921752039922198, 1527.8807518326844, 1835.3695930606505
55.94598075564799, -3.1923873360265755, SE, 55.94598075564799, -3.1923873360265755, 1527.8807518326844, 1834.1195930606505
55.94576862361363, -3.1921752039922198, SE, 55.94576862361363, -3.1921752039922198, 1527.8807518326844, 1832.8695930606505
55.945556491579275, -3.191963071957864, SE, 55.945556491579275, -3.191963071957864, 1527.8807518326844, 1831.6195930606505
55.94534435954492, -3.1917509399235082, SSE, 55.94534435954492, -3.1917509399235082, 1527.8807518326844, 1830.3695930606505
55.94506719568516, -3.1916361348937987, SSE, 55.94506719568516, -3.1916361348937987, 1527.8807518326844, 1829.1195930606505
55.944790031825406, -3.191521329864089, SSE, 55.944790031825406, -3.191521329864089, 1527.8807518326844, 1827.8695930606505
55.94451286796565, -3.1914065248343797, SE, 55.94451286796565, -3.1914065248343797, 1649.347480577987, 1862.2737706893995
55.94430073593129, -3.191194392800024, ENE, 55.94430073593129, -3.191194392800024, 1705.720359339924, 1867.3558814002693
55.944415540961, -3.1909172289402705, SSE, 55.944415540961, -3.1909172289402705, 1705.720359339924, 1866.1058814002693
55.94413837710125, -3.190802423910561, ESE, 55.94413837710125, -3.190802423910561, 1713.105452451347, 1890.5425049682435
55.944023572071536, -3.1905252600508076, NNE, 55.944023572071536, -3.1905252600508076, 1827.0644053257922, 1954.662894131463
55.94430073593129, -3.190410455021098, SSE, 55.94430073593129, -3.190410455021098, 1827.0644053257922, 1953.412894131463
55.944023572071536, -3.1902956499913886, SE, 55.944023572071536, -3.1902956499913886, 1855.850802727881, 2055.4428376693872
55.94381144003718, -3.190083517957033, ESE, 55.94381144003718, -3.190083517957033, 1855.850802727881, 2054.1928376693872
55.94369663500747, -3.1898063540972794, SSE, 55.94369663500747, -3.1898063540972794, 1855.850802727881, 2052.9428376693872
55.94341947114771, -3.18969154906757, S, 55.94341947114771, -3.18969154906757, 1855.850802727881, 2051.6928376693872
55.94311947114771, -3.18969154906757, NE, 55.94311947114771, -3.18969154906757, 1855.850802727881, 2050.4428376693872
55.94333160318207, -3.189479417033214, E, 55.94333160318207, -3.189479417033214, 1855.850802727881, 2049.1928376693872
55.94333160318207, -3.189179417033214, SE, 55.94333160318207, -3.189179417033214, 1934.970865087591, 2144.4780162500238
55.94311947114771, -3.188967284998858, NW, 55.94311947114771, -3.188967284998858, 1934.970865087591, 2143.2280162500238
55.94333160318207, -3.189179417033214, WNW, 55.94333160318207, -3.189179417033214, 1934.970865087591, 2141.9780162500238
55.94344640821178, -3.1894565808929674, W, 55.94344640821178, -3.1894565808929674, 1934.970865087591, 2140.7280162500238
55.94344640821178, -3.1897565808929675, W, 55.94344640821178, -3.1897565808929675, 1934.970865087591, 2139.4780162500238
55.94344640821178, -3.1900565808929677, WSW, 55.94344640821178, -3.1900565808929677, 1934.970865087591, 2138.2280162500238
55.94333160318207, -3.190333744752721, WSW, 55.94333160318207, -3.190333744752721, 1934.970865087591, 2136.9780162500238
55.943216798152356, -3.1906109086124745, WSW, 55.943216798152356, -3.1906109086124745, 1934.970865087591, 2135.7280162500238
55.943101993122646, -3.190888072472228, W, 55.943101993122646, -3.190888072472228, 1934.970865087591, 2134.4780162500238
55.943101993122646, -3.191188072472228, WSW, 55.943101993122646, -3.191188072472228, 1963.1623800767552, 2225.6602970437384
55.942987188092935, -3.1914652363319815, NNW, 55.942987188092935, -3.1914652363319815, 1963.1623800767552, 2224.4102970437384
55.94326435195269, -3.191580041361691, NW, 55.94326435195269, -3.191580041361691, 1973.5541664712011, 2322.8207843464734
55.94347648398705, -3.191792173396047, N, 55.94347648398705, -3.191792173396047, 2063.2539096184223, 2391.6076380245545
55.94377648398705, -3.191792173396047, SSW, 55.94377648398705, -3.191792173396047, 2063.2539096184223, 2390.3576380245545
55.943499320127295, -3.1919069784257563, SW, 55.943499320127295, -3.1919069784257563, 2063.2539096184223, 2389.1076380245545
55.94328718809294, -3.192119110460112, SSW, 55.94328718809294, -3.192119110460112, 2166.7901192836175, 2478.9724738147975
55.94301002423318, -3.1922339154898216, E, 55.94301002423318, -3.1922339154898216, 2166.7901192836175, 2477.7224738147975
55.94301002423318, -3.1919339154898214, E, 55.94301002423318, -3.1919339154898214, 2166.7901192836175, 2476.4724738147975
55.94301002423318, -3.1916339154898212, ENE, 55.94301002423318, -3.1916339154898212, 2166.7901192836175, 2475.2224738147975
55.94312482926289, -3.191356751630068, E, 55.94312482926289, -3.191356751630068, 2166.7901192836175, 2473.9724738147975
55.94312482926289, -3.1910567516300676, NE, 55.94312482926289, -3.1910567516300676, 2166.7901192836175, 2472.7224738147975
55.94333696129725, -3.190844619595712, ENE, 55.94333696129725, -3.190844619595712, 2166.7901192836175, 2471.4724738147975
55.94345176632696, -3.1905674557359585, E, 55.94345176632696, -3.1905674557359585, 2166.7901192836175, 2470.2224738147975
55.94345176632696, -3.1902674557359583, NE, 55.94345176632696, -3.1902674557359583, 2166.7901192836175, 2468.9724738147975
55.943663898361315, -3.1900553237016025, E, 55.943663898361315, -3.1900553237016025, 2166.7901192836175, 2467.7224738147975
55.943663898361315, -3.1897553237016023, NE, 55.943663898361315, -3.1897553237016023, 2166.7901192836175, 2466.4724738147975
55.94387603039567, -3.1895431916672465, ENE, 55.94387603039567, -3.1895431916672465, 2166.7901192836175, 2465.2224738147975
55.94399083542538, -3.189266027807493, E, 55.94399083542538, -3.189266027807493, 2166.7901192836175, 2463.9724738147975
55.94399083542538, -3.188966027807493, E, 55.94399083542538, -3.188966027807493, 2166.7901192836175, 2462.7224738147975
55.94399083542538, -3.1886660278074928, ESE, 55.94399083542538, -3.1886660278074928, 2166.7901192836175, 2461.4724738147975
55.94387603039567, -3.1883888639477393, NE, 55.94387603039567, -3.1883888639477393, 2166.7901192836175, 2460.2224738147975
55.94408816243003, -3.1881767319133836, NE, 55.94408816243003, -3.1881767319133836, 2166.7901192836175, 2458.9724738147975
55.944300294464384, -3.187964599879028, ENE, 55.944300294464384, -3.187964599879028, 2166.7901192836175, 2457.7224738147975
55.944415099494094, -3.1876874360192744, ENE, 55.944415099494094, -3.1876874360192744, 2166.7901192836175, 2456.4724738147975
55.944529904523804, -3.187410272159521, NE, 55.944529904523804, -3.187410272159521, 2166.7901192836175, 2455.2224738147975
55.94474203655816, -3.1871981401251652, NE, 55.94474203655816, -3.1871981401251652, 2166.7901192836175, 2453.9724738147975
55.94495416859252, -3.1869860080908095, ENE, 55.94495416859252, -3.1869860080908095, 2166.7901192836175, 2452.7224738147975
55.94506897362223, -3.186708844231056, ENE, 55.94506897362223, -3.186708844231056, 2166.7901192836175, 2451.4724738147975
55.94518377865194, -3.1864316803713026, ENE, 55.94518377865194, -3.1864316803713026, 2166.7901192836175, 2450.2224738147975
55.94529858368165, -3.1861545165115492, E, 55.94529858368165, -3.1861545165115492, 2166.7901192836175, 2448.9724738147975
55.94529858368165, -3.185854516511549, ENE, 55.94529858368165, -3.185854516511549, 2166.7901192836175, 2447.7224738147975
55.94541338871136, -3.1855773526517956, ENE, 55.94541338871136, -3.1855773526517956, 2166.7901192836175, 2446.4724738147975
55.94552819374107, -3.1853001887920422, NE, 55.94552819374107, -3.1853001887920422, 2166.7901192836175, 2445.2224738147975
55.945740325775425, -3.1850880567576865, E, 55.945740325775425, -3.1850880567576865, 2274.8107207005733, 2452.3213243949026
55.945740325775425, -3.1847880567576863, null, 55.945740325775425, -3.1847880567576863, 2274.8107207005733, 2451.0713243949026
55.945740325775425, -3.1847880567576863, null, 55.945740325775425, -3.1847880567576863, 2274.8107207005733, 2449.8213243949026
55.945740325775425, -3.1847880567576863, null, 55.945740325775425, -3.1847880567576863, 2274.8107207005733, 2448.5713243949026
55.945740325775425, -3.1847880567576863, null, 55.945740325775425, -3.1847880567576863, 2274.8107207005733, 2447.3213243949026
55.945740325775425, -3.1847880567576863, null, 55.945740325775425, -3.1847880567576863, 2274.8107207005733, 2446.0713243949026
55.945740325775425, -3.1847880567576863, null, 55.945740325775425, -3.1847880567576863, 2274.8107207005733, 2444.8213243949026
55.945740325775425, -3.1847880567576863, null, 55.945740325775425, -3.1847880567576863, 2274.8107207005733, 2443.5713243949026
55.945740325775425, -3.1847880567576863, null, 55.945740325775425, -3.1847880567576863, 2274.8107207005733, 2442.3213243949026
55.945740325775425, -3.1847880567576863, null, 55.945740325775425, -3.1847880567576863, 2274.8107207005733, 2441.0713243949026
55.945740325775425, -3.1847880567576863, null, 55.945740325775425, -3.1847880567576863, 2274.8107207005733, 2439.8213243949026
55.945740325775425, -3.1847880567576863, null, 55.945740325775425, -3.1847880567576863, 2274.8107207005733, 2438.5713243949026
55.945740325775425, -3.1847880567576863, null, 55.945740325775425, -3.1847880567576863, 2274.8107207005733, 2437.3213243949026
55.945740325775425, -3.1847880567576863, null, 55.945740325775425, -3.1847880567576863, 2274.8107207005733, 2436.0713243949026
55.945740325775425, -3.1847880567576863, null, 55.945740325775425, -3.1847880567576863, 2274.8107207005733, 2434.8213243949026
55.945740325775425, -3.1847880567576863, null, 55.945740325775425, -3.1847880567576863, 2274.8107207005733, 2433.5713243949026
55.945740325775425, -3.1847880567576863, null, 55.945740325775425, -3.1847880567576863, 2274.8107207005733, 2432.3213243949026
55.945740325775425, -3.1847880567576863, null, 55.945740325775425, -3.1847880567576863, 2274.8107207005733, 2431.0713243949026
55.945740325775425, -3.1847880567576863, null, 55.945740325775425, -3.1847880567576863, 2274.8107207005733, 2429.8213243949026
55.945740325775425, -3.1847880567576863, null, 55.945740325775425, -3.1847880567576863, 2274.8107207005733, 2428.5713243949026
55.945740325775425, -3.1847880567576863, null, 55.945740325775425, -3.1847880567576863, 2274.8107207005733, 2427.3213243949026
55.945740325775425, -3.1847880567576863, null, 55.945740325775425, -3.1847880567576863, 2274.8107207005733, 2426.0713243949026
55.945740325775425, -3.1847880567576863, null, 55.945740325775425, -3.1847880567576863, 2274.8107207005733, 2424.8213243949026
55.945740325775425, -3.1847880567576863, null, 55.945740325775425, -3.1847880567576863, 2274.8107207005733, 2423.5713243949026
55.945740325775425, -3.1847880567576863, null, 55.945740325775425, -3.1847880567576863, 2274.8107207005733, 2422.3213243949026
55.945740325775425, -3.1847880567576863, null, 55.945740325775425, -3.1847880567576863, 2274.8107207005733, 2421.0713243949026
55.945740325775425, -3.1847880567576863, null, 55.945740325775425, -3.1847880567576863, 2274.8107207005733, 2419.8213243949026
55.945740325775425, -3.1847880567576863, null, 55.945740325775425, -3.1847880567576863, 2274.8107207005733, 2418.5713243949026
55.945740325775425, -3.1847880567576863, null, 55.945740325775425, -3.1847880567576863, 2274.8107207005733, 2417.3213243949026
55.945740325775425, -3.1847880567576863, null, 55.945740325775425, -3.1847880567576863, 2274.8107207005733, 2416.0713243949026
55.945740325775425, -3.1847880567576863, null, 55.945740325775425, -3.1847880567576863, 2274.8107207005733, 2414.8213243949026
55.945740325775425, -3.1847880567576863, null, 55.945740325775425, -3.1847880567576863, 2274.8107207005733, 2413.5713243949026
55.945740325775425, -3.1847880567576863, null, 55.945740325775425, -3.1847880567576863, 2274.8107207005733, 2412.3213243949026
55.945740325775425, -3.1847880567576863, null, 55.945740325775425, -3.1847880567576863, 2274.8107207005733, 2411.0713243949026
55.945740325775425, -3.1847880567576863, null, 55.945740325775425, -3.1847880567576863, 2274.8107207005733, 2409.8213243949026
55.945740325775425, -3.1847880567576863, null, 55.945740325775425, -3.1847880567576863, 2274.8107207005733, 2408.5713243949026
55.945740325775425, -3.1847880567576863, null, 55.945740325775425, -3.1847880567576863, 2274.8107207005733, 2407.3213243949026
55.945740325775425, -3.1847880567576863, null, 55.945740325775425, -3.1847880567576863, 2274.8107207005733, 2406.0713243949026
55.945740325775425, -3.1847880567576863, null, 55.945740325775425, -3.1847880567576863, 2274.8107207005733, 2404.8213243949026
55.945740325775425, -3.1847880567576863, null, 55.945740325775425, -3.1847880567576863, 2274.8107207005733, 2403.5713243949026
55.945740325775425, -3.1847880567576863, null, 55.945740325775425, -3.1847880567576863, 2274.8107207005733, 2402.3213243949026
55.945740325775425, -3.1847880567576863, null, 55.945740325775425, -3.1847880567576863, 2274.8107207005733, 2401.0713243949026
55.945740325775425, -3.1847880567576863, null, 55.945740325775425, -3.1847880567576863, 2274.8107207005733, 2399.8213243949026
55.945740325775425, -3.1847880567576863, null, 55.945740325775425, -3.1847880567576863, 2274.8107207005733, 2398.5713243949026
55.945740325775425, -3.1847880567576863, null, 55.945740325775425, -3.1847880567576863, 2274.8107207005733, 2397.3213243949026
55.945740325775425, -3.1847880567576863, null, 55.945740325775425, -3.1847880567576863, 2274.8107207005733, 2396.0713243949026
55.945740325775425, -3.1847880567576863, null, 55.945740325775425, -3.1847880567576863, 2274.8107207005733, 2394.8213243949026
55.945740325775425, -3.1847880567576863, null, 55.945740325775425, -3.1847880567576863, 2274.8107207005733, 2393.5713243949026
55.945740325775425, -3.1847880567576863, null, 55.945740325775425, -3.1847880567576863, 2274.8107207005733, 2392.3213243949026
55.945740325775425, -3.1847880567576863, null, 55.945740325775425, -3.1847880567576863, 2274.8107207005733, 2391.0713243949026
55.945740325775425, -3.1847880567576863, null, 55.945740325775425, -3.1847880567576863, 2274.8107207005733, 2389.8213243949026
55.945740325775425, -3.1847880567576863, null, 55.945740325775425, -3.1847880567576863, 2274.8107207005733, 2388.5713243949026
55.945740325775425, -3.1847880567576863, null, 55.945740325775425, -3.1847880567576863, 2274.8107207005733, 2387.3213243949026
55.945740325775425, -3.1847880567576863, null, 55.945740325775425, -3.1847880567576863, 2274.8107207005733, 2386.0713243949026
55.945740325775425, -3.1847880567576863, null, 55.945740325775425, -3.1847880567576863, 2274.8107207005733, 2384.8213243949026
55.945740325775425, -3.1847880567576863, null, 55.945740325775425, -3.1847880567576863, 2274.8107207005733, 2383.5713243949026
55.945740325775425, -3.1847880567576863, null, 55.945740325775425, -3.1847880567576863, 2274.8107207005733, 2382.3213243949026
55.945740325775425, -3.1847880567576863, null, 55.945740325775425, -3.1847880567576863, 2274.8107207005733, 2381.0713243949026
55.945740325775425, -3.1847880567576863, null, 55.945740325775425, -3.1847880567576863, 2274.8107207005733, 2379.8213243949026
55.945740325775425, -3.1847880567576863, null, 55.945740325775425, -3.1847880567576863, 2274.8107207005733, 2378.5713243949026
55.945740325775425, -3.1847880567576863, null, 55.945740325775425, -3.1847880567576863, 2274.8107207005733, 2377.3213243949026
55.945740325775425, -3.1847880567576863, null, 55.945740325775425, -3.1847880567576863, 2274.8107207005733, 2376.0713243949026
55.945740325775425, -3.1847880567576863, null, 55.945740325775425, -3.1847880567576863, 2274.8107207005733, 2374.8213243949026
55.945740325775425, -3.1847880567576863, null, 55.945740325775425, -3.1847880567576863, 2274.8107207005733, 2373.5713243949026
55.945740325775425, -3.1847880567576863, null, 55.945740325775425, -3.1847880567576863, 2274.8107207005733, 2372.3213243949026
55.945740325775425, -3.1847880567576863, null, 55.945740325775425, -3.1847880567576863, 2274.8107207005733, 2371.0713243949026
55.945740325775425, -3.1847880567576863, null, 55.945740325775425, -3.1847880567576863, 2274.8107207005733, 2369.8213243949026
55.945740325775425, -3.1847880567576863, null, 55.945740325775425, -3.1847880567576863, 2274.8107207005733, 2368.5713243949026
55.945740325775425, -3.1847880567576863, null, 55.945740325775425, -3.1847880567576863, 2274.8107207005733, 2367.3213243949026
55.945740325775425, -3.1847880567576863, null, 55.945740325775425, -3.1847880567576863, 2274.8107207005733, 2366.0713243949026
55.945740325775425, -3.1847880567576863, null, 55.945740325775425, -3.1847880567576863, 2274.8107207005733, 2364.8213243949026
55.945740325775425, -3.1847880567576863, null, 55.945740325775425, -3.1847880567576863, 2274.8107207005733, 2363.5713243949026
55.945740325775425, -3.1847880567576863, null, 55.945740325775425, -3.1847880567576863, 2274.8107207005733, 2362.3213243949026
55.945740325775425, -3.1847880567576863, null, 55.945740325775425, -3.1847880567576863, 2274.8107207005733, 2361.0713243949026
55.945740325775425, -3.1847880567576863, null, 55.945740325775425, -3.1847880567576863, 2274.8107207005733, 2359.8213243949026
55.945740325775425, -3.1847880567576863, null, 55.945740325775425, -3.1847880567576863, 2274.8107207005733, 2358.5713243949026
55.945740325775425, -3.1847880567576863, null, 55.945740325775425, -3.1847880567576863, 2274.8107207005733, 2357.3213243949026
55.945740325775425, -3.1847880567576863, null, 55.945740325775425, -3.1847880567576863, 2274.8107207005733, 2356.0713243949026
55.945740325775425, -3.1847880567576863, null, 55.945740325775425, -3.1847880567576863, 2274.8107207005733, 2354.8213243949026
55.945740325775425, -3.1847880567576863, null, 55.945740325775425, -3.1847880567576863, 2274.8107207005733, 2353.5713243949026
55.945740325775425, -3.1847880567576863, null, 55.945740325775425, -3.1847880567576863, 2274.8107207005733, 2352.3213243949026
55.945740325775425, -3.1847880567576863, null, 55.945740325775425, -3.1847880567576863, 2274.8107207005733, 2351.0713243949026
55.945740325775425, -3.1847880567576863, null, 55.945740325775425, -3.1847880567576863, 2274.8107207005733, 2349.8213243949026
55.945740325775425, -3.1847880567576863, null, 55.945740325775425, -3.1847880567576863, 2274.8107207005733, 2348.5713243949026
55.945740325775425, -3.1847880567576863, null, 55.945740325775425, -3.1847880567576863, 2274.8107207005733, 2347.3213243949026
55.945740325775425, -3.1847880567576863, null, 55.945740325775425, -3.1847880567576863, 2274.8107207005733, 2346.0713243949026
55.945740325775425, -3.1847880567576863, null, 55.945740325775425, -3.1847880567576863, 2274.8107207005733, 2344.8213243949026
55.945740325775425, -3.1847880567576863, null, 55.945740325775425, -3.1847880567576863, 2274.8107207005733, 2343.5713243949026
55.945740325775425, -3.1847880567576863, null, 55.945740325775425, -3.1847880567576863, 2274.8107207005733, 2342.3213243949026
55.945740325775425, -3.1847880567576863, null, 55.945740325775425, -3.1847880567576863, 2274.8107207005733, 2341.0713243949026
55.945740325775425, -3.1847880567576863, null, 55.945740325775425, -3.1847880567576863, 2274.8107207005733, 2339.8213243949026
55.945740325775425, -3.1847880567576863, null, 55.945740325775425, -3.1847880567576863, 2274.8107207005733, 2338.5713243949026
55.945740325775425, -3.1847880567576863, null, 55.945740325775425, -3.1847880567576863, 2274.8107207005733, 2337.3213243949026
55.945740325775425, -3.1847880567576863, null, 55.945740325775425, -3.1847880567576863, 2274.8107207005733, 2336.0713243949026
55.945740325775425, -3.1847880567576863, null, 55.945740325775425, -3.1847880567576863, 2274.8107207005733, 2334.8213243949026
55.945740325775425, -3.1847880567576863, null, 55.945740325775425, -3.1847880567576863, 2274.8107207005733, 2333.5713243949026
55.945740325775425, -3.1847880567576863, null, 55.945740325775425, -3.1847880567576863, 2274.8107207005733, 2332.3213243949026
55.945740325775425, -3.1847880567576863, null, 55.945740325775425, -3.1847880567576863, 2274.8107207005733, 2331.0713243949026
55.945740325775425, -3.1847880567576863, null, 55.945740325775425, -3.1847880567576863, 2274.8107207005733, 2329.8213243949026
55.945740325775425, -3.1847880567576863, null, 55.945740325775425, -3.1847880567576863, 2274.8107207005733, 2328.5713243949026
55.945740325775425, -3.1847880567576863, null, 55.945740325775425, -3.1847880567576863, 2274.8107207005733, 2327.3213243949026
55.945740325775425, -3.1847880567576863, null, 55.945740325775425, -3.1847880567576863, 2274.8107207005733, 2326.0713243949026
55.945740325775425, -3.1847880567576863, null, 55.945740325775425, -3.1847880567576863, 2274.8107207005733, 2324.8213243949026
55.945740325775425, -3.1847880567576863, null, 55.945740325775425, -3.1847880567576863, 2274.8107207005733, 2323.5713243949026
55.945740325775425, -3.1847880567576863, null, 55.945740325775425, -3.1847880567576863, 2274.8107207005733, 2322.3213243949026
55.945740325775425, -3.1847880567576863, null, 55.945740325775425, -3.1847880567576863, 2274.8107207005733, 2321.0713243949026
55.945740325775425, -3.1847880567576863, null, 55.945740325775425, -3.1847880567576863, 2274.8107207005733, 2319.8213243949026
55.945740325775425, -3.1847880567576863, null, 55.945740325775425, -3.1847880567576863, 2274.8107207005733, 2318.5713243949026
55.945740325775425, -3.1847880567576863, null, 55.945740325775425, -3.1847880567576863, 2274.8107207005733, 2317.3213243949026
55.945740325775425, -3.1847880567576863, null, 55.945740325775425, -3.1847880567576863, 2274.8107207005733, 2316.0713243949026
55.945740325775425, -3.1847880567576863, null, 55.945740325775425, -3.1847880567576863, 2274.8107207005733, 2314.8213243949026
55.945740325775425, -3.1847880567576863, null, 55.945740325775425, -3.1847880567576863, 2274.8107207005733, 2313.5713243949026
55.945740325775425, -3.1847880567576863, null, 55.945740325775425, -3.1847880567576863, 2274.8107207005733, 2312.3213243949026
55.945740325775425, -3.1847880567576863, null, 55.945740325775425, -3.1847880567576863, 2274.8107207005733, 2311.0713243949026
55.945740325775425, -3.1847880567576863, null, 55.945740325775425, -3.1847880567576863, 2274.8107207005733, 2309.8213243949026
55.945740325775425, -3.1847880567576863, null, 55.945740325775425, -3.1847880567576863, 2274.8107207005733, 2308.5713243949026
55.945740325775425, -3.1847880567576863, null, 55.945740325775425, -3.1847880567576863, 2274.8107207005733, 2307.3213243949026
55.945740325775425, -3.1847880567576863, null, 55.945740325775425, -3.1847880567576863, 2274.8107207005733, 2306.0713243949026
55.945740325775425, -3.1847880567576863, null, 55.945740325775425, -3.1847880567576863, 2274.8107207005733, 2304.8213243949026
55.945740325775425, -3.1847880567576863, null, 55.945740325775425, -3.1847880567576863, 2274.8107207005733, 2303.5713243949026
55.945740325775425, -3.1847880567576863, null, 55.945740325775425, -3.1847880567576863, 2274.8107207005733, 2302.3213243949026
55.945740325775425, -3.1847880567576863, null, 55.945740325775425, -3.1847880567576863, 2274.8107207005733, 2301.0713243949026
55.945740325775425, -3.1847880567576863, null, 55.945740325775425, -3.1847880567576863, 2274.8107207005733, 2299.8213243949026
55.945740325775425, -3.1847880567576863, null, 55.945740325775425, -3.1847880567576863, 2274.8107207005733, 2298.5713243949026
55.945740325775425, -3.1847880567576863, null, 55.945740325775425, -3.1847880567576863, 2274.8107207005733, 2297.3213243949026
55.945740325775425, -3.1847880567576863, null, 55.945740325775425, -3.1847880567576863, 2274.8107207005733, 2296.0713243949026
55.945740325775425, -3.1847880567576863, null, 55.945740325775425, -3.1847880567576863, 2274.8107207005733, 2294.8213243949026
55.945740325775425, -3.1847880567576863, null, 55.945740325775425, -3.1847880567576863, 2274.8107207005733, 2293.5713243949026
55.945740325775425, -3.1847880567576863, null, 55.945740325775425, -3.1847880567576863, 2274.8107207005733, 2292.3213243949026